######################################################################################################
######################################################################################################
#### JAGS model file written by runjags version 2.0.4-2 on 2019-01-15 14:04:44 
######################################################################################################
######################################################################################################

model{
for(i in 1:N){
#this fits the blended model to your observed data. 
y[i] ~ dpois(m[i])
#This blends the poisson and zero inflation models
m[i] <- exp(mu[i])
#*b[i] + 1E-10 #only when comparing them to the data, we need to exponentiate
#this is the bernoulli outcome of the zero inflation
#b[i] ~ dbern(theta)
}
#### Process Model
for(i in 2:N){
mu[i]~dnorm(lambda[i],tau_add) #mu's here are on log scale
lambda[i] <- beta[1] + beta[2]*mu[i-1] + beta[3]*DL[i]
}
#### Priors
mu[1] ~ dnorm(x_ic,tau_ic) 
tau_add ~ dgamma(a_add,r_add)
#theta~ dbeta(alpha, epsilon)
beta ~ dmnorm(beta.m,beta.v)
}
#monitor# tau_add, beta, mu

######################################################################################################
######################################################################################################
#### Initial values 
######################################################################################################
######################################################################################################

inits{
".RNG.state" <- c(502, -792915773, -492957733, 1909547475, -929386763, 1166069886, 2027981184, -2096573506, 395826777, -1093524474, 1437748615, -1620660648, 1822291361, -735299350, -406398030, 1420031416, 578121621, 407019476, -1178858628, -1939828178, 471662529, 981429965, -1038309513, 1584222781, 1627855167, -2111310144, 1145519459, 241694897, -474965377, 274593969, -1904051315, -2109528065, -54110372, -1571313124, 1853408191, 420229359, 861636490, 805249003, -489167582, -435666101, 1155331315, 888234926, 795878896, 228072145, 1015649911, -358497514, 1089255943, 2083264052, 1913315265, 1932719178, 1214023117, -1011341015, 1723972853, 1784742767, 307478665, 1744419648, -965062612, -2117610306, -1620334772, -1961344543, 84372259, 1684247660, -371625623, 1186861683, -913439296, 318888177, -1425467081, -1900564550, -1558647906, 206149662, 200870998, -1460952722, -2116248092, 1262312348, 178407010, -853598748, -1571085145, 524409610, -1020392965, 1701201697, -1495111056, 1882373314, 530125391, 72828394, -240213024, 1458602317, -1017531618, -1978603546, 211476134, 1218882540, -1534216593, 1758444835, -328707828, -365364214, -1072957752, 906389954, -421500849, -2027579253, 2035104573, -1546162620, -1380348929, 2122574814, 279360752, -1003462691, -1578023071, -1189301721, 361323095, 989355462, -2144432920, 981965165, -1704188830, 197342775, -1079614947, 1785381330, 1058609214, 520114175, 917954691, 1145164059, 433457559, -1032583456, 1825467206, 1458030530, -1987958195, -1364583010, 636424900, 1708650050, 147012126, -19720527, 1863302717, 2000392205, -2067735900, 1672200717, -1484216435, 1193523113, 271431841, 132254274, -2077898621, -28475253, 1206028905, -673715397, 1561054486, -1026234126, 1538075348, 214264004, 1133335866, -2129168817, 1708993309, 1283270838, -5170578, 220166526, -2054562458, -794439538, 1806769642, -1433147413, -1896131241, -1699980230, 703694778, 2137879710, 452340825, 1612973943, -1363169429, -2115587376, 1338037425, 619870503, -1943542542, 510333358, -61676706, -2105683889, 549156347, 1960257472, 159619554, -959972608, -782558220, -108782721, -562654222, -2069765608, -83829303, -1315951207, 1766592233, 119698503, 98215397, -762920038, -2034272921, -1928834643, 176099963, 857810099, 1456355334, -918189471, 2087185951, -650917959, -1583993766, 1811181855, -734061419, 2050950525, -788478942, 1505855396, -630176977, 1909642102, 1489512597, 8454335, 1234550191, -434920519, -1256832337, -180534183, 1366368513, -892786287, -21862261, 1740523115, 1357265992, -108645444, 17492236, 104060868, -768383314, 19301165, -1303934136, 1550354540, -894751103, -1754248371, 1085950756, -680870209, 1450342239, 999845710, -2106933898, 1205408310, 1706178019, -1822482482, 527988850, -605327369, -895253631, 1034848203, 69422840, 639813840, -542508271, 604487388, -40086881, 1373161898, 882741474, -597699890, -2077404258, -647324137, 325892372, 553056908, 1471498128, -1756314626, -1461909194, 130030578, -1152493515, 318764825, -388296918, -1567288055, 1837361599, -74976655, 726054967, -1440497001, 1928700408, 593657267, 776427942, -1778231052, 849122774, 258677497, 594519978, 603285133, -293154360, 1743212562, 1954128010, -535692583, -1062253319, -1922984479, -540177104, 1926550585, -388059729, -2117517825, -52571802, -9227327, -1656243525, 2096019073, 660471174, -1802721115, 907033315, -1536476590, 337221972, 356753554, -811625435, -30623764, 380021635, 1120055369, 1391095085, -366126796, -2121772639, 1130118630, 458710543, -820441115, -397011882, 123834864, 1259098705, -1352700846, -1579520180, -1847364330, -1885903001, -409415298, -10246079, -17417517, -1388417660, -247912503, 764011864, -199417640, 1108689870, -1337379660, 205497752, -1274166995, -937209048, 1778832357, 1418775499, 1120031998, 317470446, 1017422740, -938146963, 95523508, -1223575100, 3414585, -927865625, -336482286, 644010490, -497171683, -1942823427, -1991987525, 2091828501, 1974538813, -68112948, 978326569, 1589029019, -462175665, -1385568200, 1161147358, 1004915438, -1455035659, 369798283, 1546559590, -535558174, 883601234, -1271817020, 1170280821, 1952155570, -783521793, 1203844007, -1765321351, 682625143, 797352712, -172348052, 1172806117, 78479481, -456366500, 1719745893, 464993829, 1270546567, 2086172592, 742617839, 1025706337, 966768076, 320312414, 381642881, -878292833, -1480101154, -1172432602, 595563070, 210352687, -1014672768, -134395329, -782970396, 278423287, 2027552942, 945799090, 1462954997, 901206883, 90657563, -761036692, -1923045163, 625850197, 1401488855, 2051586862, 299816918, 990116524, -729908736, -1132727000, 924723871, 2065477347, 1549768055, 1484590075, -1171518626, 364819369, -1098787248, 1920099522, -320402086, -940386834, 1303374578, 1469565669, -139573305, -1642852221, 1454407788, 560930399, -661380441, 1076806493, -787332318, -1674588459, -544776654, -1818732418, 696063021, 1924940471, 1307055533, -504855872, -358317133, -1499735623, 364846097, -898378638, -1282418255, -1351277408, 541627814, -1555220122, 1229458200, -436848945, 812615110, -857222386, -446365773, -2117389370, -1381031993, 236173958, 1878586875, 483952805, -736356784, 591881468, 943074340, 379744617, -1608673869, 1219138275, 888510776, 1790690274, -2081350629, 787544791, -1501653240, 632540272, 846347138, 301880710, 1350326447, 595865115, 1122126385, -1666794118, 2077614627, -1706975004, -174161998, 65847521, -2110279016, 1875876224, 1239434097, -764051007, -265221155, -308965631, 1486489346, -688105260, -174567070, 32027823, -803904193, 1372009515, 347022139, 1482436600, -589045011, 365648275, 1577762310, -1068169810, 14486636, -1168787957, 1926204151, 1095936615, -706471411, 418807542, -341522103, -1921565252, 1846810727, 485471056, -1081740101, 1470024591, 779045193, -1495837384, 368972216, -543910041, -1131316793, 2014856350, 1214849511, -1283132314, -1921748583, 1669605140, 699538118, -1843621050, -2042867847, 876660211, -1293431280, -1129262985, 1244735769, -1625173756, -1360260524, 1462469254, 734052285, 1248664286, -963555032, -1038038046, -1311628506, 74100579, -58948433, -61156665, 176281379, -1263056761, -871104198, 1322838379, 214171462, 1946420831, 1056357593, 719938012, 1671074995, -628725700, -584349155, 1549149734, -885893278, 884635068, -666668240, -1929023437, 1716051624, 1978465634, -1720092065, -589562732, -1110860670, -1228610825, -1668800103, -1876858291, 788856631, 1701927011, 862370550, -190209536, -45104952, 1317700310, -2045105968, 2143059407, -368684434, -346319522, 1542779411, -1838363435, 657265026, -1274253478, 857229250, -2110475021, -2103658963, -1654708801, 1336653831, 1817644109, -1869100008, -624476757, -1558663352, -1526753302, -784492274, -452882484, 1181149775, -1693697416, 310034343, 1300104070, -1266852912, 1056380528, 1059854295, -1622461033, -714671268, 216570058, -1403199086, 1456708264, -2032047140, 780767473, -1793362850, -2091583604, -862030069, 1151821587, -1879408605, 2082801435, -1849768700, 1482022614, 55322343, 462507004, 1547343225, 514413694, -2069169376, 1312153204, -34892168, -1386869787, -1557224053, 890806022, -1662689913, 769517122, -1596084692, -1874456300, 1486701682, -782270109, 1588440674, -610402315, -1961357788, 2142030432, -1113970971, 1646560739, 28736755, -335563864, -1351539181, 1292784819, -1223615012, 1923798622, -2107104838, 1794247048, 1509464264, 437303669, -1204284166, -974877545, 137858610, -1028326147, 334434300, 453723257, 1144229560, 311474023, 1232681605, -1511658575, 273493429, 597189463, 792864829)
"beta" <- c(-0.0226147250026977, 0.17818854353127, 0.163490205254141)
"mu" <- c(-2.41416309043929, 4.18671235919157, 3.10872848408435, 5.20836724451485, 4.40305613433905, 4.20245601470496, 5.48631905797287, 6.11914311178367, 0.541717321375929, 3.44312747292112, 3.73992164509035, 3.68287050350627, 5.79898746614921, 6.1470095908353, -0.0961685339786635, 6.19694112171407, 5.44890842532886, 5.08546225001125, 4.9785977497979, 5.12675834141214, 5.97974787519133, 4.04618169058887, 3.7479976320089, 0.542623581490871, 0.500386988034331, 3.45331846604579, 2.44119753816121, 3.64730832870119, 4.81622993197741, 6.50342805447119, 7.72912271792439, 5.42101725999298, 4.48758916380268, 8.08800267601831, 6.4667526248117, 6.21612073945984, 5.8190121274709, -0.879352173964746, 1.96135428634318, 4.47057820000464, 3.65215650007911, 5.95887798496318, 4.93160798547644, 6.36779096431527, 4.17714695156741, 7.31908514246495, 5.11407157842339, 3.51252141445481, 4.52956170459314, 2.40475170992944, 4.67347457124124, 0.926621366325764, 2.97114292153649, 3.34890151898857, -6.546921441648, 0.10689487225368, 0.902003325045909, 1.89605463095121, 0.831616496829009, 0.096966343871173, 2.16581656386616, 3.84127374414825, 4.43583207695266, 4.79588309775461, 3.9556542010788, 2.1414550720389, 6.11737246503197, 4.91457501098386, 4.38885319254678, 3.38149277458361, 2.56643270578199, 6.44525796585164, 4.79890041951737, 1.38536336695651, 1.97661850215157, -1.09349051327079, 2.51363382822754, 3.25109177064422, 1.6057272233714, 1.73793139113381, 2.52436565632948, 5.70069370199275, 2.01952265829517, 2.29592015749893, 4.20244743905052, 2.70824168221128, 7.65308238702221, 8.53774206295247, 8.72540765413565, 6.55214566997604, 4.10131705349087, 4.05723796554807, 2.96563774760296, 1.46010270580514, 0.184499008660156, 1.66115118581928, -0.912181942752911, -2.93412678742727, -1.20145650234351, -0.886439080964252, -2.32609492624774, 0.322740859762765, -3.05499821847808, -0.493949406118729, 1.40243502092942, 1.0791687928852, -1.12299469362288, 3.46405804744093, 3.08627708918554, 3.37684275469892, 4.68020393108926, 3.34846387508117, 6.27126465263429, 5.83294250376158, 5.12370874858382, 4.26822035043877, 1.52090498125158, 1.24106533180816, -0.518756187560297, -0.707366266810862, -0.613222527571269, -1.00077670847542, -2.66218424422685, -1.60664649207682, -0.859793866575225, -1.56201166608015, -0.0630481868501873, 0.461227678413523, -2.93848005466602, -0.0270599635441107, 1.51266867045988, 2.8383902604908, 4.33113570518189, -0.238889919679693, 3.57399456780028, 2.6719351197163, 3.75891017099543, 4.23684401157451, 4.56574203812335, 5.06842742633539, 3.5381446128605, 3.61423774590998, 4.41690049903623, 4.31689154269283, 4.59579436548613, 4.08125881777, -0.144647618236734, 1.6498767724786, -3.75757417189729, -5.44682568748463, -0.583566889720856, -3.09773947990264, -0.594920632121056, -2.40579525427713, 1.77703534422678, 1.240846496309, 1.19022698923242, 2.23128999511328, 2.67777503279808, 2.67280825965215, 3.94571675295141, 4.15924163175477, 4.14012199252442, 3.95560480683607, 5.97716199823812, 5.43520201900741, 6.33487962915472, 7.24414523863147, 9.34138257339168, 4.19931796453627, 3.28677820733415, 1.27303002435413, -0.71095590971954, -0.26616773732886, -4.76675776991106, 3.05316683211518, 3.34912660287662, 5.22868598434177, 6.28536539459108, 4.89212799078359, 5.45293856208332, 5.29074352290476, 5.49291121598603, 4.4689327996758, 5.89737852339412, 3.63654447718298, 5.07700148282536, 4.14564293237309, 5.64558345339742, 2.63649591244381, 0.607004149054407, 2.92197312301443, -2.04044406294919, -0.223034840412641, 2.75249014421715, -2.12508837862772, 1.19403443327355, 2.30618697975901, 2.26478589805433, 0.691693353892593, 3.20398388573346, 5.33113508081546, 3.26411790031707, 3.7932327563645, 4.69911705452774, 4.61828248198111, 4.85018265203389, 7.61730142991851, 5.61788939450981, 4.65995871743037, 3.94793519455188, 1.71803907274108, 2.86815091059568, 2.17605853182342, 2.39380721079248, 5.51039811257465, 6.28578723960658, 4.04149330840914, 7.12242817706367, 6.3253240341897, 6.99945360064402, 5.31010527378861, 6.36466126776712, 4.59921439306659, 5.67311748639986, 4.37409667284571, 5.34066506013122, 4.91122001602034, 2.57608592087019, 2.90722363115761)
"tau_add" <- 0.137571490410139
".RNG.name" <- "base::Mersenne-Twister"
}

inits{
".RNG.state" <- c(13777, 10344, 15716)
"beta" <- c(0.00426648825571941, 0.173031357605394, 0.166659818170061)
"mu" <- c(-2.21261554947912, 4.20629122707883, 3.43484495364727, 5.02146021357278, 4.4224826238904, 4.2073333242631, 5.4865342431995, 6.12433349403058, 1.65410142012348, 3.51993614402178, 4.03292805169445, 3.72872466940071, 5.8328176191069, 6.15416396589997, 1.30527002069828, 6.05527996746444, 5.59573070928441, 5.04016063730138, 4.87433866435569, 5.06499859732829, 6.06501023265815, 3.88237297166196, 3.47184247676392, -0.713774433510109, 0.0453517454910896, 3.62841964960526, 2.36000685437915, 3.57779967754104, 4.69838251640137, 6.49904055473183, 7.73672826681678, 5.33063178499618, 4.57017504155842, 8.05931750208403, 6.51757780013428, 6.21154578187712, 5.89361313439514, -2.00583775192135, 1.84023913841343, 4.52709971247398, 3.39515899481192, 6.05911119456378, 4.90839968590629, 6.2846254544748, 4.19423339516083, 7.3279832418618, 5.16765627188002, 3.62405279952339, 4.52115055012785, 2.92932772817138, 4.67786215160699, 1.02851670103886, 3.2476662288394, 3.9520927375345, 0.121793209779725, 0.814640317251804, 0.802355642557687, 0.904035998331871, 0.2835382955232, -0.146147581787411, 1.91848236641105, 3.37989563541935, 4.29376549547341, 4.63004580688072, 3.85325776915159, 2.57666768495895, 6.18391916221323, 5.05385304028085, 4.3368066895239, 3.52517251324747, 1.86783988353204, 6.46113587562971, 4.40636632723343, 1.74249829330564, 2.25607453127827, 0.66516296388589, 1.94491163198613, 2.86683581539719, -0.132897631141571, 1.4157027537329, 2.56060652226153, 5.63039785214508, 2.22590652637509, 2.50717425361109, 4.17197197747381, 2.69668801934425, 7.70130831971906, 8.51653018521425, 8.74041515964865, 6.55237438913548, 4.3627724408968, 3.99449737852226, 3.15209798406712, 1.91076574922807, 1.35945953722374, 1.49168344792509, -2.98411197284951, -0.31946489116168, -2.4469900861901, 0.0786805291874781, -0.367176618742279, -1.03227834560654, -0.354416956749554, 1.5742433891929, -0.564304255412648, -1.77060082171954, -1.44601418956032, 3.51328858391892, 3.3359652488876, 3.29807739711875, 4.74044577681655, 3.38148893891579, 6.35375077191236, 5.84757958511254, 5.13456974351534, 4.17729113447332, 1.98374256909611, 1.15227128357168, -2.85453371158713, -2.45605111472411, 0.728890342582163, -0.826772886317795, -1.48623699143582, -0.678125907806298, -2.53418041420684, -1.49018239722684, -4.32592576671533, -4.25094232104921, -3.48837107669452, 0.0756195101931763, 1.44137442365715, 3.04817062929573, 4.28670069187651, 0.939220140352169, 3.9093814004265, 2.624925502831, 3.66361270224289, 4.30865492260629, 4.73641742769587, 5.3104128486683, 3.14965513371467, 3.52736008742045, 4.64074289404895, 4.34104560810529, 4.4651349722299, 3.66685088543576, 2.19261319639657, 1.82473809888048, -0.275717448686397, -0.514056260201887, 0.120631326773201, -1.32347958549505, -1.09296761041388, -2.55499601598787, 1.11442365142362, 1.58295175364593, 0.973767193108613, 1.9148557747526, 2.07860591992243, 2.32417629528431, 3.88374741899177, 4.28232077528978, 4.15102734847118, 4.15185772694704, 6.04746920557839, 5.37771293953571, 6.41860601566717, 7.16587546481112, 9.37307934168972, 4.22180125600667, 3.1678572264791, 1.17188567144755, -0.0177327184912111, -0.323863480422901, 0.384725816304925, 2.93780132159067, 3.31826300257725, 5.21788958601506, 6.3165361807157, 4.86340511742556, 5.49252159968047, 5.33384738621767, 5.46753824707599, 4.27815106528675, 5.79474340621004, 3.88012556828801, 5.03203352146048, 4.15903919342173, 5.71668827521898, 2.47940904574477, 0.899845621395929, 2.76947947542828, -0.523406041323128, -1.56268151175415, 2.73507406145061, 0.284257452811401, 1.17445739174707, 2.53142182840588, 1.88302980483704, 1.59557646605233, 3.21655249138932, 5.29454612482138, 3.28308317665531, 4.21700991422322, 4.73054982440968, 4.5806203820977, 4.94366989697104, 7.56952373122111, 5.70354308830221, 4.61512438169162, 3.99571193082705, 1.8451242521196, 2.63710086826816, 1.90000958972075, 2.88613762788543, 5.3446037239679, 6.09162966084268, 3.86873457199689, 7.13341598884792, 6.31341712442762, 6.95738562575747, 5.48361878857249, 6.33216964149502, 4.43844351801997, 5.743940707554, 4.3482306529284, 5.3648174458422, 4.88800166304618, 2.91629459545698, 3.07982205535456)
"tau_add" <- 0.147499021164039
".RNG.name" <- "base::Wichmann-Hill"
}

inits{
".RNG.state" <- c(1219323311, 234468385)
"beta" <- c(0.00880887097297931, 0.17325660423429, 0.160848131680656)
"mu" <- c(-2.18704469510535, 3.95855096975077, 3.28855294080347, 5.13973338803208, 4.49701752128117, 4.30802075484193, 5.54088876674889, 6.10879345475952, -0.80994581452768, 3.09233643058257, 3.63646224181787, 3.86872523499563, 5.78579535821329, 6.14672338990115, 0.762718747743893, 6.19606741469944, 5.64579769841515, 5.09504276321036, 5.12322491997381, 5.23094913614753, 6.08070015092043, 3.83029256083408, 3.69969376535021, -2.2224555840269, -0.265660344537029, 3.65534855607089, 2.55639122595776, 3.56978163646431, 4.68992355941438, 6.46602388100965, 7.7299364010098, 5.28475282388811, 4.58677118041797, 8.0576649709574, 6.47664852417778, 6.12197983087856, 5.8668796179226, -0.886624330873481, 1.54957840102193, 4.17587426900246, 3.51852226366355, 6.02491190325416, 4.96452381052315, 6.27264998328009, 4.50355319398211, 7.30299728381632, 5.19509892090299, 3.3994427099784, 4.53388269326592, 2.63567174739955, 4.75778768744376, -1.15639934230881, 3.50437798793479, 3.55038739872311, -0.0924759493876754, -0.277274737857689, -0.304909294267091, 2.27171605320747, 0.85815085777193, -2.33433291594368, 1.86728116828311, 3.46393852680835, 4.47032702583447, 4.69567056582517, 3.95836575452806, 2.38853741219734, 6.17114950904646, 4.95751273443802, 4.37073028514302, 3.48643214978826, 2.53499699016846, 6.46874780836196, 4.69771129473165, 1.23968759378927, 2.85551343889431, -2.71479191663749, 2.20720369056978, 2.98137486152797, 0.420868857538973, 1.23330405339988, 2.01940289840958, 5.63715451790485, 2.47246676215057, 1.65946521173555, 4.18669193003744, 2.56639385483566, 7.70488667917748, 8.51720672726146, 8.7576503881609, 6.46473947615486, 4.25680094722675, 4.04840720760308, 2.83625785938963, 1.83271674245088, 0.604621728943815, 1.71070419885443, -1.99146247036902, -0.920380340491009, -1.84974311034233, -0.904496291450827, -2.36634113752797, -0.678834297155562, -1.89632422745961, -0.253439886263848, -0.0604296326152139, -0.157562345606033, -0.580677787528856, 3.35282679496396, 3.27890184667227, 3.56362572999527, 4.80347956415165, 2.7859903790638, 6.3495097076099, 5.84580274789776, 5.01181775221168, 4.06311006099649, 1.78588829013323, 0.957902998690259, -0.415540313196934, -2.06892284180002, -1.47081285754366, -0.0448558062649362, -0.79814189371052, -1.25416301273884, -2.09403875068175, -2.56710496336908, -0.407607937501155, -1.29569223768614, -0.370615707084995, 0.183131065558, 1.73163090839514, 3.30495597970378, 4.34351090834767, -1.17535057861328, 3.64554778998862, 2.85825234364547, 3.54170055181675, 4.25950800048343, 4.48857738274554, 5.0354630850946, 2.91990304874689, 3.72906011336371, 4.52989479651726, 4.48486375345883, 4.38873442289599, 4.00666618070662, 0.738261913068902, 0.33616531399279, -1.12319006340179, -1.08337484095451, -1.33363911959921, -0.278494570678023, -0.0441248313308988, -1.6633227480662, 1.19996497334696, 1.67144194577234, 0.653559615009379, 2.78366423821031, 2.36055760625867, 2.77216332789006, 4.06350962730547, 4.3220282192004, 4.12360083732213, 4.38568920507667, 6.02971047276331, 5.51548455549893, 6.39333647842898, 7.21479387112158, 9.34797164681776, 4.26548566175341, 3.45369108055758, 1.26039473716173, 0.0468374878824545, -0.889961957083568, 1.14285500172298, 2.80947280768149, 3.43819408974158, 5.24229117568826, 6.29188516359574, 4.9632285264542, 5.569302553997, 5.24815117175242, 5.37626433634017, 4.48684251773641, 5.77277064287833, 3.82836689864478, 5.24786313933022, 4.13253907981055, 5.65828294252814, 2.98885154070059, -1.17482566634184, 3.18886570993976, -2.01689044938013, 1.07949734514653, 2.76159273430236, 0.598022458168834, 0.955654872656396, 2.58682919305163, 2.42289008219843, 2.19769013447877, 3.66653839515156, 5.32784141470779, 3.24714288770521, 4.22717761773707, 4.90518009873871, 4.58798711803506, 4.96617953255195, 7.63045269332721, 5.59565269061336, 4.53916602961933, 3.74181786442525, 2.04577103288386, 2.77745424648726, 2.0274688204325, 2.29992430467759, 5.36848391273568, 6.19761309908947, 3.72050685500627, 7.16120782471744, 6.19944898847893, 6.91297416720294, 5.39742827255948, 6.31786111090357, 4.37176233939747, 5.65542653760007, 4.23790920407906, 5.32493436772403, 5.09204204729074, 2.69618429621976, 3.17558159872962)
"tau_add" <- 0.184877911571427
".RNG.name" <- "base::Marsaglia-Multicarry"
}



######################################################################################################
######################################################################################################
#### Data 
######################################################################################################
######################################################################################################

data{
"y" <- c(11, 64, 16, 163, 93, 69, 257, 457, 2, 26, 47, 39, 323, 459, 1, 469, 261, 151, 134, 159, 404, 49, 38, 0, 2, 34, 10, 40, 103, 664, 2293, 220, 93, 3194, 677, 490, 347, 0, 8, 81, 35, 416, 135, 527, 75, 1553, 169, 37, 90, 15, 106, 2, 28, 32, 0, 2, 1, 5, 2, 0, 11, 30, 78, 114, 50, 10, 460, 139, 79, 37, 14, 645, 107, 4, 14, 0, 7, 21, 2, 3, 10, 272, 9, 8, 69, 15, 2226, 5062, 6269, 668, 70, 57, 21, 7, 2, 6, 0, 0, 0, 0, 0, 1, 0, 0, 1, 0, 0, 30, 22, 32, 119, 24, 580, 337, 149, 65, 8, 2, 0, 0, 0, 0, 0, 0, 0, 0, 0, 0, 0, 0, 7, 20, 72, 1, 43, 16, 40, 70, 96, 166, 22, 39, 96, 80, 91, 46, 3, 4, 0, 0, 0, 0, 0, 0, 3, 3, 3, 9, 10, 11, 51, 76, 61, 77, 411, 224, 595, 1335, 11541, 65, 33, 4, 0, 1, 0, 19, 32, 187, 527, 132, 243, 184, 241, 82, 346, 43, 162, 57, 278, 14, 2, 18, 0, 1, 18, 1, 2, 13, 11, 6, 27, 198, 26, 54, 113, 94, 134, 1994, 297, 109, 54, 9, 14, 9, 15, 227, 498, 43, 1253, 515, 1045, 229, 581, 82, 309, 78, 204, 148, 15, 19)
"beta.m" <- c(0, 0, 0)
"beta.v" <- structure(c(1000, 0, 0, 0, 1000, 0, 0, 0, 1000), .Dim = c(3, 3))
"DL" <- c(15.4097413276709, 15.3896379345164, 15.3143014927342, 15.1871166927815, 15.0132971852678, 14.799175478933, 14.5514764557877, 14.2767148028388, 13.980785803899, 13.66875421226, 13.3448067499944, 13.0123206988739, 12.6740052081825, 12.3320836522664, 15.3638642123646, 15.4080121156592, 15.3959427835061, 15.328339980008, 15.208278356222, 15.0407511762808, 14.8319770231494, 14.5886656057333, 14.3173915059326, 14.0241557845723, 13.714148064007, 13.4848667110852, 13.0602326292237, 12.7711248895771, 12.430027154373, 12.0867266802206, 14.6551396119865, 15.0913324147556, 15.2276862526186, 15.3959252641119, 15.4051350790643, 15.3531836510451, 15.2476728550643, 15.0931122056182, 14.895446605855, 14.6613162114097, 14.3973879030388, 14.1098593334147, 13.8041655043544, 13.4848667110852, 13.2505524698232, 12.9161493232309, 12.5765929222684, 12.2830584099361, 11.5962048331458, 13.3677181571186, 14.0532383536036, 14.982287326133, 15.2276862526186, 15.3281008432015, 15.3821537879804, 15.4080131803487, 15.3639660882697, 15.2658729959484, 15.1179809777328, 14.9260750341463, 14.6967400404538, 14.4366740769474, 14.1521644629593, 13.848765809164, 13.5311645170158, 13.2031868868081, 12.8679035824678, 12.5277916453389, 12.2340047095829, 11.8411995655154, 11.4985253286722, 13.9656083011613, 14.2656638265227, 14.543978421401, 14.7945575903848, 15.0108252322057, 15.1860562151653, 15.3281008432015, 15.3896076256488, 15.4097414336756, 15.3736418836838, 15.2830542443122, 15.1419501876083, 14.9559394543925, 14.7315374378112, 14.4754626636451, 14.1940855801309, 13.8930777180555, 13.5772518320517, 13.2505524698232, 12.9161493232309, 12.5765929222684, 12.2340047095829, 11.890285582403, 11.5473358922256, 12.5895444823385, 13.3201278687792, 13.602672989308, 14.2239995565205, 14.5057696683099, 14.7607038133342, 14.982287326133, 15.163782186085, 15.2988253129042, 15.3821537879804, 15.4103178040152, 15.3822018962772, 15.2992017844502, 15.1650014346689, 14.9850200768778, 14.7656890786769, 14.513736084336, 14.235607533291, 13.937088687104, 13.6231185435985, 13.2977618714115, 12.9642906141458, 12.6253326952742, 12.2830584099361, 11.9393869229139, 11.5473358922256, 13.7864171866485, 14.1394086128484, 14.6186821982413, 14.9227749862954, 15.1164023612169, 15.2653166914031, 15.3638642123646, 15.4080121156592, 15.3959427835061, 15.3413046325051, 15.208278356222, 15.0407511762808, 14.8319770231494, 14.5886656057333, 14.3173915059326, 14.0241557845723, 13.714148064007, 13.3916784933592, 13.0602326292237, 12.7711248895771, 12.430027154373, 12.0867266802206, 11.7430966285038, 11.4011067846359, 15.0913324147556, 15.2470093007516, 15.353044290682, 15.4051313533966, 15.4011102291381, 15.3531836510451, 15.2476728550643, 15.067362600702, 14.895446605855, 14.6613162114097, 14.3973879030388, 14.1521644629593, 13.8041655043544, 13.4848667110852, 13.1080192533101, 12.8195599683343, 12.4789345280814, 12.0867266802206, 11.6940915569121, 11.3525130632185, 14.6186821982413, 14.8601455061218, 15.0653669864124, 15.2470093007516, 15.3411197499847, 15.4051313533966, 15.3531836510451, 15.2476728550643, 15.0931122056182, 14.895446605855, 14.6613162114097, 14.3973879030388, 14.1098593334147, 13.8041655043544, 13.5772518320517, 13.1556732038779, 12.8195599683343, 12.4789345280814, 12.1358334582229, 11.7430966285038, 11.3525130632185, 11.2555941197092, 15.0385248942338, 15.2276862526186, 15.3959252641119, 15.4080131803487, 15.3639660882697, 15.2658729959484, 15.1179809777328, 14.9260750341463, 14.7315374378112, 13.980785803899, 13.66875421226, 13.2505524698232, 12.9161493232309, 12.5765929222684, 12.2340047095829, 11.890285582403, 11.5473358922256, 15.4097413276709, 15.3896379345164, 15.3143014927342, 15.1871166927815, 15.0132971852678, 14.799175478933, 14.5514764557877, 14.2767148028388, 13.980785803899, 13.66875421226, 13.3448067499944, 13.0123206988739, 12.6740052081825, 12.3320836522664, 15.2653166914031, 15.3638642123646, 15.4080121156592, 15.3959427835061, 15.328339980008, 15.208278356222, 15.0407511762808, 14.8319770231494, 14.5886656057333, 14.3173915059326, 14.0241557845723, 13.714148064007, 13.4848667110852, 13.0602326292237, 12.7711248895771, 12.430027154373, 12.0867266802206, 14.6551396119865, 15.0913324147556, 15.2276862526186, 15.3959252641119, 15.4051350790643, 15.3531836510451, 15.2476728550643, 15.0931122056182, 14.895446605855, 14.6613162114097, 14.3973879030388, 14.1098593334147, 13.8041655043544, 13.4848667110852, 13.2505524698232, 12.9161493232309, 12.5765929222684, 12.2830584099361, 11.5962048331458, 13.3677181571186, 14.0532383536036, 14.5816221603571, 14.982287326133, 15.2276862526186, 15.3281008432015, 15.3821537879804, 15.4080131803487, 15.3639660882697, 15.2658729959484, 15.1179809777328, 14.9260750341463, 14.6967400404538, 14.4366740769474, 14.1521644629593, 13.848765809164, 13.5311645170158, 13.2031868868081, 12.8679035824678, 12.5277916453389, 12.1849279322728, 11.8411995655154, 11.4985253286722, 13.9656083011613, 14.2656638265227, 14.543978421401, 14.7945575903848, 15.0108252322057, 15.1860562151653, 15.3281008432015, 15.3896076256488, 15.4097414336756, 15.3736418836838, 15.2830542443122, 15.1419501876083, 14.9559394543925, 14.7315374378112, 14.4754626636451, 14.1940855801309, 13.8930777180555, 13.5772518320517, 13.2505524698232, 12.9161493232309, 12.5765929222684, 12.2340047095829, 11.890285582403, 11.5473358922256, 12.5895444823385, 13.3201278687792, 13.602672989308, 14.2239995565205, 14.5057696683099, 14.7607038133342, 14.982287326133, 15.163782186085, 15.2988253129042, 15.3821537879804, 15.4103178040152, 15.3822018962772, 15.2992017844502, 15.1650014346689, 14.9850200768778, 14.7656890786769, 14.513736084336, 14.235607533291, 13.937088687104, 13.6231185435985, 13.2977618714115, 12.9642906141458, 12.6253326952742, 12.2830584099361, 11.9393869229139, 11.5473358922256, 14.6186821982413, 14.9227749862954, 15.1164023612169, 15.2653166914031, 15.3638642123646, 15.4080121156592, 15.3959427835061, 15.3413046325051, 15.208278356222, 15.0407511762808, 14.8319770231494, 14.5886656057333, 14.3173915059326, 14.0241557845723, 13.714148064007, 13.3916784933592, 13.0602326292237, 12.7711248895771, 12.430027154373, 12.0867266802206, 11.7430966285038, 11.4011067846359, 15.0913324147556, 15.2470093007516, 15.353044290682, 15.4051313533966, 15.4011102291381, 15.3531836510451, 15.2476728550643, 15.067362600702, 14.895446605855, 14.6613162114097, 14.3973879030388, 14.1521644629593, 13.8041655043544, 13.4848667110852, 13.1080192533101, 12.8195599683343, 12.4789345280814, 12.0867266802206, 11.6940915569121, 11.3525130632185, 14.6186821982413, 14.8601455061218, 15.0653669864124, 15.2470093007516, 15.4051313533966, 15.3531836510451, 15.2476728550643, 15.0931122056182, 14.895446605855, 14.6613162114097, 14.3973879030388, 14.1098593334147, 13.5772518320517, 13.1556732038779, 12.8195599683343, 12.4789345280814, 12.1358334582229, 11.7430966285038, 11.2555941197092, 15.0385248942338, 15.2276862526186, 15.3959252641119, 15.4080131803487, 15.3639660882697, 15.2658729959484, 15.1179809777328, 14.9260750341463, 14.7315374378112, 14.4366740769474, 13.980785803899, 13.66875421226, 13.2505524698232, 12.9161493232309, 12.5765929222684, 12.2340047095829, 11.890285582403, 11.5473358922256, 14.9559394543925, 14.7315374378112, 14.4754626636451, 14.1940855801309, 13.8930777180555, 13.5772518320517, 13.1556732038779, 12.7226045994689, 12.3320836522664, 12.0867266802206, 15.3822018962772, 15.2992017844502, 15.1650014346689, 15.067362600702, 14.895446605855, 14.6252850900014, 14.357621402563, 14.0671849717396, 13.759288982892, 13.4383682083841, 12.9161493232309, 12.7226045994689, 12.430027154373, 15.4097413276709, 15.3896379345164, 15.3143014927342, 15.1871166927815, 15.0132971852678, 14.799175478933, 14.5514764557877, 14.2767148028388, 13.980785803899, 13.66875421226, 13.3448067499944, 13.0123206988739, 12.6740052081825, 12.3320836522664, 15.2653166914031, 15.3638642123646, 15.4080121156592, 15.3959427835061, 15.328339980008, 15.208278356222, 15.0407511762808, 14.8319770231494, 14.5886656057333, 14.3173915059326, 14.0241557845723, 13.714148064007, 13.4848667110852, 13.0602326292237, 12.7711248895771, 12.430027154373, 12.0867266802206, 14.6551396119865, 15.0913324147556, 15.2276862526186, 15.3959252641119, 15.4051350790643, 15.3531836510451, 15.2476728550643, 15.0931122056182, 14.895446605855, 14.6613162114097, 14.3973879030388, 14.1098593334147, 13.8041655043544, 13.4848667110852, 13.2505524698232, 12.9161493232309, 12.5765929222684, 12.2830584099361, 11.5962048331458, 13.3677181571186, 14.0532383536036, 14.5816221603571, 14.982287326133, 15.2276862526186, 15.3281008432015, 15.3821537879804, 15.4080131803487, 15.3639660882697, 15.2658729959484, 15.1179809777328, 14.9260750341463, 14.6967400404538, 14.4366740769474, 14.1521644629593, 13.848765809164, 13.5311645170158, 13.2031868868081, 12.8679035824678, 12.5277916453389, 12.1849279322728, 11.8411995655154, 11.4985253286722, 13.9656083011613, 14.2656638265227, 14.543978421401, 14.7945575903848, 15.0108252322057, 15.1860562151653, 15.3281008432015, 15.3896076256488, 15.4097414336756, 15.3736418836838, 15.2830542443122, 15.1419501876083, 14.9559394543925, 14.7315374378112, 14.4754626636451, 14.1940855801309, 13.8930777180555, 13.5772518320517, 13.2505524698232, 12.9161493232309, 12.5765929222684, 12.2340047095829, 11.890285582403, 11.5473358922256, 10.5327840113872, 10.5327840113872, 12.5895444823385, 13.3201278687792, 13.602672989308, 14.2239995565205, 14.5057696683099, 14.7607038133342, 14.982287326133, 15.163782186085, 15.2988253129042, 15.3821537879804, 15.4103178040152, 15.3822018962772, 15.2992017844502, 15.1650014346689, 14.9850200768778, 14.7656890786769, 14.513736084336, 14.235607533291, 13.937088687104, 13.6231185435985, 13.2977618714115, 12.9642906141458, 12.6253326952742, 12.2830584099361, 11.9393869229139, 11.5473358922256, 13.7864171866485, 14.1394086128484, 14.6186821982413, 14.9227749862954, 15.1164023612169, 15.2653166914031, 15.3638642123646, 15.4080121156592, 15.3959427835061, 15.3413046325051, 15.208278356222, 15.0407511762808, 14.8319770231494, 14.5886656057333, 14.3173915059326, 14.0241557845723, 13.714148064007, 13.3916784933592, 13.0602326292237, 12.7711248895771, 12.430027154373, 12.0867266802206, 11.7430966285038, 11.4011067846359, 15.0913324147556, 15.2470093007516, 15.353044290682, 15.4051313533966, 15.4011102291381, 15.3531836510451, 15.2476728550643, 15.067362600702, 14.895446605855, 14.6613162114097, 14.3973879030388, 14.1521644629593, 13.8041655043544, 13.4848667110852, 13.1080192533101, 12.8195599683343, 12.4789345280814, 12.0867266802206, 11.6940915569121, 11.3525130632185, 14.6186821982413, 14.8601455061218, 15.0653669864124, 15.2470093007516, 15.3411197499847, 15.4051313533966, 15.3531836510451, 15.2476728550643, 15.0931122056182, 14.6613162114097, 14.3973879030388, 14.1098593334147, 13.8041655043544, 13.5772518320517, 13.1556732038779, 12.8195599683343, 12.4789345280814, 12.1358334582229, 11.7430966285038, 11.2555941197092, 15.0385248942338, 15.2276862526186, 15.3959252641119, 15.4080131803487, 15.3639660882697, 15.2658729959484, 15.1179809777328, 14.9260750341463, 14.7315374378112, 14.4366740769474, 13.980785803899, 13.66875421226, 13.2505524698232, 12.9161493232309, 12.5765929222684, 12.2340047095829, 11.890285582403, 11.5473358922256, 14.9559394543925, 14.7315374378112, 14.4754626636451, 14.1940855801309, 13.8930777180555, 13.5772518320517, 13.1556732038779, 12.7226045994689, 12.3320836522664, 15.3143014927342, 15.1871166927815, 15.0132971852678, 14.799175478933, 14.5514764557877, 14.2767148028388, 13.980785803899, 13.66875421226, 13.3448067499944, 13.0123206988739, 12.6740052081825, 12.3320836522664, 15.2653166914031, 15.3638642123646, 15.4080121156592, 15.3959427835061, 15.328339980008, 15.208278356222, 15.0407511762808, 14.8319770231494, 14.5886656057333, 14.3173915059326, 14.0241557845723, 13.714148064007, 13.4848667110852, 13.0602326292237, 12.7711248895771, 12.430027154373, 12.0867266802206, 14.6551396119865, 15.0913324147556, 15.2276862526186, 15.3959252641119, 15.4051350790643, 15.3531836510451, 15.2476728550643, 15.0931122056182, 14.895446605855, 14.6613162114097, 14.3973879030388, 14.1098593334147, 13.8041655043544, 13.4848667110852, 13.2505524698232, 12.9161493232309, 12.5765929222684, 12.2830584099361, 11.5962048331458, 13.3677181571186, 14.0532383536036, 14.5816221603571, 14.982287326133, 15.2276862526186, 15.3281008432015, 15.3821537879804, 15.4080131803487, 15.3639660882697, 15.2658729959484, 15.1179809777328, 14.9260750341463, 14.6967400404538, 14.4366740769474, 14.1521644629593, 13.848765809164, 13.5311645170158, 13.2031868868081, 12.8679035824678, 12.5277916453389, 12.2340047095829, 11.8411995655154, 11.4985253286722, 13.9656083011613, 14.2656638265227, 14.543978421401, 14.7945575903848, 15.0108252322057, 15.1860562151653, 15.3281008432015, 15.3896076256488, 15.4097414336756, 15.3736418836838, 15.2830542443122, 15.1419501876083, 14.9559394543925, 14.7315374378112, 14.4754626636451, 14.1940855801309, 13.8930777180555, 13.5772518320517, 13.2505524698232, 12.9161493232309, 12.5765929222684, 12.2340047095829, 11.890285582403, 11.5473358922256, 12.5895444823385, 13.3201278687792, 13.602672989308, 14.2239995565205, 14.5057696683099, 14.7607038133342, 14.982287326133, 15.163782186085, 15.2988253129042, 15.3821537879804, 15.4103178040152, 15.3822018962772, 15.2992017844502, 15.1650014346689, 14.9850200768778, 14.7656890786769, 14.513736084336, 14.235607533291, 13.937088687104, 13.6231185435985, 13.2977618714115, 12.9642906141458, 12.6253326952742, 12.2830584099361, 11.9393869229139, 11.5473358922256, 13.7864171866485, 14.1394086128484, 14.6186821982413, 14.9227749862954, 15.1164023612169, 15.2653166914031, 15.3638642123646, 15.4080121156592, 15.3959427835061, 15.3413046325051, 15.208278356222, 15.0407511762808, 14.8319770231494, 14.5886656057333, 14.3173915059326, 14.0241557845723, 13.714148064007, 13.3916784933592, 13.0602326292237, 12.7711248895771, 12.430027154373, 12.0867266802206, 11.7430966285038, 11.4011067846359, 15.0913324147556, 15.2470093007516, 15.353044290682, 15.4051313533966, 15.4011102291381, 15.3531836510451, 15.2476728550643, 14.895446605855, 14.6613162114097, 14.3973879030388, 14.1521644629593, 13.8041655043544, 13.4848667110852, 13.1080192533101, 12.8195599683343, 12.4789345280814, 12.0867266802206, 11.6940915569121, 11.3525130632185, 14.6186821982413, 14.8601455061218, 15.0653669864124, 15.2470093007516, 15.3411197499847, 15.4051313533966, 15.3531836510451, 15.2476728550643, 15.0931122056182, 14.895446605855, 14.6613162114097, 14.3973879030388, 14.1098593334147, 13.8041655043544, 13.5772518320517, 13.1556732038779, 12.8195599683343, 12.4789345280814, 12.1358334582229, 11.7430966285038, 11.2555941197092, 15.0385248942338, 15.2276862526186, 15.3959252641119, 15.4080131803487, 15.3639660882697, 15.2658729959484, 15.1179809777328, 14.9260750341463, 14.7315374378112, 14.4366740769474, 13.980785803899, 13.66875421226, 13.2505524698232, 12.9161493232309, 12.5765929222684, 12.2340047095829, 11.890285582403, 11.5473358922256)
"N" <- 230
"x_ic" <- -2.30258509299405
"tau_ic" <- 100
"a_add" <- 0.001
"r_add" <- 0.001


}

######################################################################################################
######################################################################################################
