[1] "Parameter summary"
               Lower95      Median     Upper95        Mean         SD Mode
tau_proc    0.42370961  0.71761877  1.14524367  0.75112576 0.19967520   NA
beta1      -6.52489249 -4.20898960 -2.01232112 -4.21852932 1.16712378   NA
beta2       0.51508972  0.67164584  0.81762380  0.67091486 0.07711024   NA
beta3       0.07939909  0.17619690  0.27468669  0.17631293 0.05052487   NA
beta4      -0.28206897 -0.09141976  0.09878913 -0.09270679 0.09796047   NA
tau_obs     0.92436506  1.55085652  2.26312856  1.58285344 0.34805768   NA
tau_T_proc  0.34937198  0.46776831  0.58930010  0.47034187 0.06202881   NA
                  MCerr MC%ofSD SSeff      AC.10     psrf
tau_proc   0.0049219036     2.5  1646 0.15685820 1.001743
beta1      0.1333177555    11.4    77 0.89966322 1.097992
beta2      0.0035640704     4.6   468 0.36200928 1.034139
beta3      0.0056139710    11.1    81 0.89618221 1.096880
beta4      0.0040463548     4.1   586 0.25528128 1.021996
tau_obs    0.0074626786     2.1  2175 0.09439378 1.002381
tau_T_proc 0.0005261457     0.8 13899 0.01214309 1.000503
[1] "DIC"
Mean deviance:  691.7 
penalty 80.97 
Penalized deviance: 772.7 
