[1] "Parameter summary"
                 Lower95        Median      Upper95          Mean           SD
tau_proc    0.4270981606  0.7909552018 1.3323392488  0.8387863341 2.512144e-01
beta1      -6.2119170581 -2.6278817452 0.4146179640 -2.6671757891 1.666987e+00
beta2       0.5981537803  0.7460589907 0.8862912247  0.7445721947 7.388634e-02
beta3      -0.0017443602  0.0012714977 0.0041018593  0.0012335335 1.480448e-03
beta4      -0.0918630304  0.0882736969 0.2779075759  0.0905205080 9.372163e-02
tau_obs     0.9108561832  1.4726213508 2.1913843020  1.5088162959 3.353121e-01
tau_S_proc  0.0001541137  0.0002091882 0.0002710504  0.0002105638 3.001035e-05
tau_T_proc  0.3489727470  0.4618667893 0.5882912430  0.4647996538 6.195475e-02
           Mode        MCerr MC%ofSD SSeff       AC.10      psrf
tau_proc     NA 7.459303e-03     3.0  1134 0.252621746 1.0043059
beta1        NA 2.939137e-01    17.6    32 0.961027980 1.0165693
beta2        NA 6.461553e-03     8.7   131 0.458809150 1.0060574
beta3        NA 1.935953e-04    13.1    58 0.777159753 1.0117849
beta4        NA 1.905844e-02    20.3    24 0.967487369 1.0166222
tau_obs      NA 8.094375e-03     2.4  1716 0.129611458 1.0023022
tau_S_proc   NA 2.800739e-07     0.9 11481 0.008176508 1.0000002
tau_T_proc   NA 5.030196e-04     0.8 15170 0.004436315 0.9999551
[1] "DIC"
Mean deviance:  1811 
penalty 140.8 
Penalized deviance: 1951 
