[1] "Parameter summary"
              Lower95     Median     Upper95        Mean           SD Mode
tau_proc    0.5044015  6.9038122 875.7646012 136.9232833 388.41898685   NA
beta1      -8.4869107 -7.0299508  -4.9429895  -6.9564950   0.96218677   NA
beta2       0.3849760  0.6063716   0.8559178   0.6074972   0.12835809   NA
beta3       0.2075002  0.2956573   0.3594467   0.2929735   0.04059299   NA
tau_yr      0.3210622 12.7891337  83.9942998  24.1933078  34.00984722   NA
tau_obs     0.1600033  0.2233062   0.3012949   0.2270104   0.03675464   NA
tau_T_proc  0.3476255  0.4606416   0.5903401   0.4634932   0.06218239   NA
                  MCerr MC%ofSD SSeff      AC.10     psrf
tau_proc   4.628712e+01    11.9    70 0.85440377 1.085693
beta1      1.892425e-01    19.7    26 0.96437834 1.030935
beta2      1.073186e-02     8.4   143 0.79961479 1.085644
beta3      7.041436e-03    17.3    33 0.95800097 1.026335
tau_yr     1.328178e+00     3.9   656 0.24191423 1.025331
tau_obs    1.483324e-03     4.0   614 0.20972467 1.018684
tau_T_proc 5.118427e-04     0.8 14759 0.01063003 1.000010
[1] "DIC"
Mean deviance:  949.2 
penalty 54.93 
Penalized deviance: 1004 
