######################################################################################################
######################################################################################################
#### JAGS model file written by runjags version 2.0.4-2 on 2019-10-04 14:40:11 
######################################################################################################
######################################################################################################

model{
for(k in 1:max(year_no)){
for(j in 1:max(season_weeks)){
#this fits the blended model to your observed data. 
y[k,j] ~ dnorm(mu[k,j],tau_obs)
}
#### Process Model
for(j in 2:max(season_weeks)){
#process model for Gloeo
mu[k,j]~dnorm(lambda[k,j],tau_proc) 
lambda[k,j] <- beta1 + beta2*Temp[k,j]  
}
#Loops through items in seasonal for-loop and defines initial conditions
mu[k,1] ~ dnorm(x_ic,tau_ic) #keep in mind you'll need to index like a matrix 
}
#### Priors
tau_proc ~ dgamma(a_proc,r_proc)
beta1 ~ dnorm(beta.m1,beta.v1) 
beta2 ~ dnorm(beta.m2,beta.v2) 
tau_obs ~ dgamma(a_obs,r_obs)
}
#monitor# tau_proc, beta1, beta2, mu, tau_obs

######################################################################################################
######################################################################################################
#### Initial values 
######################################################################################################
######################################################################################################

inits{
".RNG.state" <- c(256, -102049210, 2054724105, -739161977, -1553145983, -583965410, 477893323, -1344874719, 308079994, -1256438996, -1073523355, 112889010, -1005701292, -912589502, 1860224231, -953652013, -322640880, 759140847, -1478769879, -1462752759, 1774900489, -1527628589, 771866506, -945428050, -2044456461, 1740507940, -929435362, 2082697448, -1607059968, -1364945067, 444440636, -284338560, -1314960390, 967467778, 614050783, -1836043484, 939309715, 1816550013, 2071476885, 1725413341, 924822036, 615929587, 1031262973, -154340135, -375383952, -1117286666, -474736542, 1175431492, 1351590177, -775678913, -449186444, 1497838151, -1336415998, -954780292, 830947146, 1191057507, 1265354136, -1730145966, 756325477, -2024525977, -1538106046, 194235210, 518163306, 1930769548, -1837485519, -1579497383, -99647438, -2131527445, -503071550, -1051953225, 62267572, -382018654, 529246053, -162617163, 1053310314, -2000534225, 1428508454, -324000419, -1318973110, -323400987, -1586930080, 1276034932, -944358235, -1827893880, -19148662, -1714163553, 1777706681, -793867129, -801237344, -1309197532, -603945205, 1760983714, -1598593191, -659205521, 1798753741, -533516365, -2044344286, -1131025384, 1971390884, 2022680634, 659496428, 1502243323, 566273867, -77025340, 329595207, -698859332, 2137784871, 207238522, -800405914, 50872265, -2075858330, 1354541201, -1041085129, 553779553, -30524763, 1631932596, 336948518, 221219590, -632485967, 2124542588, -498783409, 838164726, 1800059904, -1017024353, -900714525, 1307100068, 679364034, -259795026, -807547799, -1693377916, 927638985, -1957484257, -692652675, 1456665939, 973038121, -1752991424, 1043356870, 981827308, 265018191, 1343009046, 129336721, 791963060, 1733939632, 222265148, -1932386578, -798175254, 1738917513, 1021904532, -2060001053, 1974672800, -1667960402, 82862207, 130785076, -1989614015, 843199807, -1146951442, 1673340217, -2106475721, -32246276, -920359886, 979958316, -821971517, 909516861, 908181657, -616386149, -548390999, 477008347, -196032449, 1557686426, 202079874, -489709062, -2052189229, -404323801, 984620890, 1911034681, -1414347242, -1472393860, 1724297158, -511774526, -1643405329, -1466548520, 622596348, 7640792, 306301135, -1878475136, -2142231773, -1535328085, -79166140, 950123858, -1609470557, -416791507, 624443797, -945085724, -383899111, -1160364832, -1563124338, 1808852414, 1028656679, 1072249679, 1932530996, -1613757452, 941216684, -1011638946, 1088439102, 1955123364, 861354457, 881323150, 270780311, -286328522, 1576084355, 1739365318, 178674495, 592124004, 1676710603, 1650314319, 1450350591, -765749896, -1675375390, -1373116828, 1304353397, -1774554598, 625054682, -707654927, 1078353780, -1643688346, 1676834765, 1569307417, 1819786986, -1767838103, -169464988, -444573407, 1536162033, -2127155921, 783692269, 745628605, -1171604195, 597817166, 1279204270, 791613142, 164752893, -1861210650, -777166273, -182880576, 690389300, 704266156, -1947731950, 1316957890, -328238154, -1904059762, 1902452428, 499705677, 1931072465, 1074388690, -1140806896, 1693396077, -880264794, -302715342, -1503702943, -1852807649, -1082948181, 1914570807, -979887355, 84716964, 851687328, -837676900, -1594115468, 543923414, 1964495123, 1800268897, 864558632, -1170186870, -143124883, 1474019854, 1573490769, -625973132, -1288804300, -731179204, -1506125118, 831982467, -922449962, -2060040392, 1294417118, -1057205651, 1569091322, -1822881543, 1366928958, -1834859349, 584924254, -1579089156, 37468367, 1085169977, 444607449, 1008354155, -1321812257, 1381578630, 1972242406, 409012942, -1079466925, 1291059039, -1799787308, 569561771, 1541072114, 502056543, -1276401405, -677931770, 1313108764, 808983036, 29082791, 1244031202, 1186774694, -1589652098, 1223445243, 1812607881, 770336764, -31602549, 1941717123, -367236777, 1066025463, -726434162, 1995441117, 2093548707, 451594251, -215544811, -1047997991, -1212605592, 11455453, -1076618425, 2034929838, 778067701, 974888886, -1555578274, 77370057, 960829913, -1312068152, -1984738671, 1410866245, 1025770991, 815424259, 221685435, 1458985680, -1667199843, -1383060896, 126917890, -289853852, -1127044886, -66154321, 1442397182, 1264104315, 358564698, 1165670644, -1607154286, 1565374102, -2130989911, -315024077, -690431901, 531409186, -706733906, 1839658704, -600135388, -747079246, -29900837, 861128677, -1718554850, -1267309969, -1173746429, -905028204, -777754992, -722711253, -1554314867, -2018185174, 1674117130, 854975138, -694376486, 1997514441, 188121701, -1238776369, 1772173281, 186980942, 1676388899, 489983123, 344918275, 2133983614, -1051669642, -1201103752, -1328104725, -421587280, -1377380052, 657707165, -1346587168, -466545388, -746001415, 2053416697, -541457071, -1154237352, 1173766210, 1609108978, 499077987, -571196842, 891447316, 1387457581, -111593713, 1240131643, 755727761, -321955028, -2022343121, 656839987, 1156121002, 1558829088, 1906470416, 1162714430, -1108608360, -2067486056, 730567695, 1499734445, 1300102365, 1270497085, -1510952188, 32444975, -1134724399, 491420874, -1793776151, -1546640843, -223944260, 252202329, -527118008, -1330543213, 329760787, 2048611335, 1969398761, 1573181768, -133971219, -56550081, -1974912674, 1812840292, 100337254, 641068867, -569738357, 216489961, 1771394709, -2001272597, -1844328733, -1351943941, 2094668367, -1733385271, 868330872, -1475930010, -1040671305, -1971309991, -392989314, -35456064, -477943546, 1302317738, -1967619501, -1432425707, 1280158438, -1152033037, -900164593, 1177463740, 1486545739, 81519026, -12706129, -1063821383, -957967957, 353147074, -259346935, -413636475, 1976743603, 1655700646, -1706723182, -1240088279, 85882486, -1816201557, -1866094880, 856819975, -580031219, 1184282553, -1194307893, 1151548406, 1852591652, -365229439, 1625634561, 618709279, 1964086226, -1557529087, -1565125782, 68634901, 2118061665, -48697623, 1399093453, 920308915, -382557764, -523715021, -344321103, 533844484, 464181930, -729074546, -159866265, -1464247356, 866316521, -782671050, -1225157998, -961132990, -338106452, -468791190, 1625444026, 765056221, 696762224, -2076874571, -655099997, 1152815453, 347305170, -2053892520, -375838929, -1218524049, 32629740, -374061701, 1141170572, -760563652, 1254174928, -1133922363, -929426973, 468471891, 1823232203, -2012774071, 201862700, -2144493242, 1213301605, -1869803541, 248952540, -233822548, -1303675360, 862765469, 1403012090, -468230640, -279396474, -360230136, -1588040795, 1926073784, 338666628, -1739140569, -822476831, -1942413353, 889351340, -307156376, -1455028730, 1703162333, -1700410921, -491673191, -1609321565, 2110324076, 1018303917, -981843370, 1980671247, -849388448, -1013018815, -861482345, 2008689050, -314439589, 330464161, 1411259008, 1990045048, -1430582517, 1586421495, 1836516613, -870691426, -1406520806, -722148420, 1392104227, 1467832152, -1829259240, 707373383, -695066091, 178497029, 275467551, -1141858437, 1890488675, -1674743335, 363699467, -1360336897, 897124964, 93775502, -1257982614, 9573516, 2111809370, -2082836878, 1395778295, -1396974572, 372923468, -943446684, 412543975, 1143411385, 1188701228, 536726733, -331256974, 259315554, 19386280, 308593578, -1678982021, -550645691, -1051015450, 61911255, 1845789906, -1793754999, -1641378531, -384945238, 388552333, -688820811, 1573195493, 613662334, 720906643, -862793203, 1250587625, -618741562, -699697700, 316655922, 1730804750, 847032938, -442364098, -1553727209, -1939258281, -348633476, 746668685, -1147871874, -1002443242, -1593747595)
"beta1" <- -1.70468410790895
"beta2" <- -0.00638075995292793
"mu" <- structure(c(-4.86217552746876, -5.04916388910766, -4.838615925171, -4.97154706892192, -4.992478439586, -5.12042617273789, -3.85286330963527, -1.37395725214154, -4.16042422677507, -5.57120543671109, -4.00733509229523, -4.55907779470909, -2.5787794676293, -2.84626513194986, -4.6589019904789, -3.63875582543985, -4.12469489618608, -7.08537495894751, -3.08264365356872, -2.1648031070056, -5.71034452166364, -1.62053361924062, -4.09396966651177, -1.88629473248822, -4.03677703663765, -3.35240760088939, -5.4493129610288, 0.213147311099957, -3.61267964298095, -1.68118474211068, -4.35004048203223, 2.053720513286, -5.88952319989626, -4.19120698828205, -3.35073475961271, -0.19413533142915, -2.47801060045904, -3.65477885753362, -4.84500354177116, -1.68836593704075, -2.27140259697845, 1.20312955934125, -3.21518894903344, -2.02507285517409, -0.889433182335797, -2.61502726122189, -1.22765778991908, 0.0470680386033631, -0.603191927101075, 0.0253312777309477, -2.16572088286713, -2.71756101899846, -3.60197969058263, 0.925439278410964, -1.57251101403568, -1.47658258994233, -2.40092305407051, -0.866170804019932, -1.40675467146876, -0.826095852274075, -2.03999043091571, 2.25162284553587, -0.803786731119989, -1.41493959591378, -2.20640003864013, 0.168650793417078, -2.62639843476249, 2.27278819610592, -0.46134500611287, -0.0950534475805415, -0.804112603663588, 0.03668754464541, 0.732424909492915, 2.26605982207069, 1.6391137337485, -1.41336102594036, 0.946762187750628, 0.162713444694051, -0.653057831457328, 1.96651787405282, 0.349269646046367, -0.674945672143823, -0.942218406937508, -1.04299726801283, -0.97092617953472, -1.03860854066913, -1.0021434581925, 0.0406970297950785, -0.0101100744553413, -1.79818267975088, -1.7278328929709, -2.16522021953158, -1.10474777766605, -0.262564351706841, 1.11514825227332, -0.408758208564118, -1.0287929685139, -0.799419379931941, -0.474245924311129, -1.05802656957586, 1.89396951996142, -1.98710460054721, 1.15485036901243, -2.32576089253418, -5.4093795877412, -0.146359760713466, 4.08097649551451, -2.35969654562321, 2.68856655706856, -3.2684919461771, -5.377686894776, -3.62696238736678, -1.6561847558067, -4.05022620704073, 0.303082036722109, -2.23063787472704, -3.75128542550542, -4.54854173767971, -1.87754088910748, -1.65628119888977), .Dim = c(6, 20))
"tau_obs" <- 1.05013525880126
"tau_proc" <- 0.19531485047688
"y" <- structure(c(NA, NA, NA, NA, NA, NA, NA, NA, NA, NA, NA, NA, -6.8888888888889, NA, NA, NA, NA, NA, NA, NA, NA, NA, NA, NA, NA, NA, NA, NA, NA, NA, NA, NA, NA, NA, NA, NA, NA, NA, NA, NA, NA, NA, NA, NA, NA, NA, NA, NA, NA, NA, NA, NA, NA, NA, NA, NA, NA, NA, NA, NA, NA, NA, NA, NA, NA, NA, NA, NA, NA, NA, NA, NA, NA, NA, NA, NA, NA, NA, NA, NA, NA, NA, NA, NA, NA, NA, NA, NA, NA, NA, NA, NA, NA, NA, NA, NA, NA, NA, NA, NA, NA, NA, NA, NA, NA, NA, NA, NA, -8.83333333333335, NA, NA, NA, NA, NA, NA, NA, NA, NA, NA, NA), .Dim = c(6, 20))
".RNG.name" <- "base::Mersenne-Twister"
}

inits{
".RNG.state" <- c(7641, 29170, 4635)
"beta1" <- -2.16475917922282
"beta2" <- 0.0198274020831832
"mu" <- structure(c(-4.97102223782234, -4.94774443774385, -4.91508965135918, -5.06597771183661, -4.95120056362061, -4.79069436805885, -4.04420621662752, -4.14849394023605, -5.72571831069245, -3.90310875646888, -4.03368044874911, -4.19187529440532, -3.04292799883982, -3.74647764650562, -4.16800511593701, -2.84369726242064, -4.98522431911355, -6.44904676098485, -3.84457436319175, -3.19306956480693, -3.92505337059952, -0.961060830358631, -3.75110483690408, -3.71123513280508, -2.97721979432672, -4.53403458946703, -4.15900967880623, -0.853427387126885, -3.41323783884327, -2.06153605931585, -6.10848242335363, 0.417405822137342, -6.05842975925729, -3.35604430164321, -3.02259124017532, 0.733806497568223, -3.19577185235626, -3.56458438361233, -5.4091159592873, -2.34845496184855, -1.25013575621429, 1.72982205882704, -2.82894726533911, -2.18552093401359, -1.07009973941237, -1.33353165538866, -2.11520417532187, 0.25804012737217, -0.908066215918383, -2.95852770396351, -1.84140610177863, -1.59844280835336, -3.30139396460825, 0.845819280499144, -0.346116263886935, -2.18706726353154, -1.00102040511847, -0.952511248147174, -1.43800605226061, -1.34397807050794, -0.69194247222685, 2.14693835004479, -0.709917675860073, -1.02708290806608, 0.322562548684799, 0.909064123643179, -2.97330691612192, 2.18393319981287, -2.68485250889654, 0.575917218786767, -1.77505421417418, -0.94902683637639, 1.38547431419641, 4.7375974132583, -1.19285460475935, -1.39661899457505, -1.12702635577493, 0.798450318687936, -1.49445981935453, 1.59431095934273, -0.265416115323122, -1.11687210459704, 0.374491432562522, -1.97671283188267, -0.702766698228811, -0.55820863319293, 0.293605961965812, -1.19678782040396, -0.0376153082462904, 0.496505718627005, -1.70987262515123, -1.66827635148628, -1.6828246888098, -0.654420747417825, 0.773200872519113, -0.595805020950326, -1.80577328834998, -1.72029558633884, -2.39800738733646, 0.523797369507571, 0.758352908280799, 0.200239979577035, 1.53483936252788, -2.494261492842, -5.71373253294501, -0.483503230956743, 2.88221097619122, -3.42215858911145, -4.74528682477934, -3.88971010959251, -5.67433088757442, -1.86415306086561, -0.440831646226698, -5.8111531746259, -1.05498615925591, -2.84533629066884, -5.4728863763032, -2.56712796315353, -1.54027762738527, -1.7065838044406), .Dim = c(6, 20))
"tau_obs" <- 1.36819850041157
"tau_proc" <- 0.207102161244907
"y" <- structure(c(NA, NA, NA, NA, NA, NA, NA, NA, NA, NA, NA, NA, 0, NA, NA, NA, NA, NA, NA, NA, NA, NA, NA, NA, NA, NA, NA, NA, NA, NA, NA, NA, NA, NA, NA, NA, NA, NA, NA, NA, NA, NA, NA, NA, NA, NA, NA, NA, NA, NA, NA, NA, NA, NA, NA, NA, NA, NA, NA, NA, NA, NA, NA, NA, NA, NA, NA, NA, NA, NA, NA, NA, NA, NA, NA, NA, NA, NA, NA, NA, NA, NA, NA, NA, NA, NA, NA, NA, NA, NA, NA, NA, NA, NA, NA, NA, NA, NA, NA, NA, NA, NA, NA, NA, NA, NA, NA, NA, 0, NA, NA, NA, NA, NA, NA, NA, NA, NA, NA, NA), .Dim = c(6, 20))
".RNG.name" <- "base::Wichmann-Hill"
}

inits{
".RNG.state" <- c(1412593938, 275896068)
"beta1" <- -2.25705084218017
"beta2" <- 0.0379463763832249
"mu" <- structure(c(-5.07083636509085, -5.01786425010401, -4.85490263629472, -4.9065099573669, -5.19218081945267, -4.84634105829088, -5.33795031211018, -0.368721924144356, -4.0802241110275, -4.61704953076272, -5.72069139178259, -4.54615127006887, -5.39138169072429, -4.06331301723018, -5.97780844363409, -3.53049561408893, -6.48903476531499, -4.17417961157566, -3.44240149149357, -3.13070761323886, -4.08536533136156, -1.55434978874689, -1.92586073297656, -1.12181402381156, -2.95175800764614, -3.31737577440905, -5.01189088000359, -0.754531840345914, -4.18460211598736, -0.737142575421196, -4.87703585329806, 0.454700731984945, -6.86248380778602, -4.19907644663186, -4.30459315865724, -0.150670262395155, -3.32357522407957, -4.23138178183603, -4.83267602810753, -2.01135686698277, -3.35219155715549, 0.281833414175952, -1.93632113129077, -2.10250931949505, -1.32127751000875, -1.94835384424569, -1.96480966892735, 0.318328512276443, -0.0270290429966141, -1.98357426139887, -1.32618617016512, -1.7262228086908, -2.73297507129396, 1.31208103069955, 0.448842067027573, -3.19230397946254, -3.05010300549947, -1.03195428095073, -0.665142598795659, -0.628589458109475, -1.26709643369108, 2.33773513145588, -1.34100179975707, 1.50149424479419, -0.797302604442072, 0.830454550029151, -2.25939707457461, 3.62135686633052, -2.3604147552541, -0.233929345814718, 0.535914778020785, 0.849157740157889, 1.99721497707881, 2.94468395067767, 1.11537107703757, -2.76040041743856, -1.57111528869523, 0.229973867018012, 0.0582488355868209, 0.929086590608653, 0.910598147739843, -1.05083233779067, 0.868775321470251, -2.44065806778735, -1.01094038921973, -0.256489023242875, -0.0140036084428394, -0.00514837291878789, -1.42686118818325, -0.854043163111474, -2.62385962100619, -1.62933589210975, -1.2169640007398, -2.01534058755111, 0.695544855495034, -1.56230507718413, -1.95028092346399, -1.01424344475366, -2.02219422546511, 0.219322209284133, 2.40486244536021, -0.535584173690458, 0.048312072193753, -3.41412274562925, -4.38392384880614, -1.78381338048569, 5.26083536621119, -2.69473344834695, -0.96047059679309, -4.92453342458825, -7.71700475756962, -2.26410097442431, -1.56789188709103, -2.48912425173469, -0.377110418413665, -3.0740611138981, -4.48357274517144, -3.50350513858425, -1.65400189776753, -0.246526512403588), .Dim = c(6, 20))
"tau_obs" <- 1.36538345818295
"tau_proc" <- 0.195288850288852
"y" <- structure(c(NA, NA, NA, NA, NA, NA, NA, NA, NA, NA, NA, NA, 6.8888888888889, NA, NA, NA, NA, NA, NA, NA, NA, NA, NA, NA, NA, NA, NA, NA, NA, NA, NA, NA, NA, NA, NA, NA, NA, NA, NA, NA, NA, NA, NA, NA, NA, NA, NA, NA, NA, NA, NA, NA, NA, NA, NA, NA, NA, NA, NA, NA, NA, NA, NA, NA, NA, NA, NA, NA, NA, NA, NA, NA, NA, NA, NA, NA, NA, NA, NA, NA, NA, NA, NA, NA, NA, NA, NA, NA, NA, NA, NA, NA, NA, NA, NA, NA, NA, NA, NA, NA, NA, NA, NA, NA, NA, NA, NA, NA, 8.83333333333335, NA, NA, NA, NA, NA, NA, NA, NA, NA, NA, NA), .Dim = c(6, 20))
".RNG.name" <- "base::Marsaglia-Multicarry"
}



######################################################################################################
######################################################################################################
#### Data 
######################################################################################################
######################################################################################################

data{
"y" <- structure(c(-4.06591991745718, -2.94665209430014, -5.80914299031403, -5.80914299031403, -5.80914299031403, -5.80914299031403, -4.59783674154387, -1.88686814833501, -4.59783674154387, -5.80914299031403, -5.80914299031403, -4.59783674154387, NA, -4.06591991745718, -5.80914299031403, -2.94665209430014, -5.80914299031403, -5.80914299031403, -3.26053097886945, -3.72054301540761, -5.80914299031403, -1.93466900116998, -3.72054301540761, -1.98486998368036, -4.06591991745718, -2.60726358981506, -4.59783674154387, -0.668845883547919, -3.72054301540761, -1.47248282297889, -5.80914299031403, 0.655974922329534, -5.80914299031403, -4.59783674154387, -3.72054301540761, 0.281988862342713, -2.51565896414186, -2.70811366311588, -5.80914299031403, -1.18037030439171, -2.70811366311588, 1.31661982654987, -1.53614971441768, -2.82028710501947, -1.53614971441768, -2.15263466474332, -2.60726358981506, -0.0653754237762429, -0.589253733521219, -0.711150923698861, -1.8412483567478, -1.25195872848308, -2.51565896414186, 0.543420073956604, -0.211473338919426, -2.21545316410442, -1.47248282297889, -0.696849461552251, -1.01127799732093, 0.265852896722762, -1.03091569138165, 2.75676687558721, -0.168704041457194, -0.382628870687186, -0.615086916013517, 0.535170022761435, -2.60726358981506, 3.57821555646438, -1.75581432451179, 0.163154257134424, -0.833582703939862, -0.53950714937723, 1.18076288241878, 3.79205461642565, 1.4123738990455, -1.8412483567478, -0.60208690792214, 0.8962786165969, -0.013864711444381, 1.55353770544924, 0.869955466752787, -1.27700755822547, 1.06823942041139, -1.18037030439171, -0.576583164939999, -0.696849461552251, 0.0554034869116419, -0.382628870687186, 0.462152453642488, 0.138825724259713, -1.32906996434575, -0.900920880514602, -0.770494290290964, -0.56407113301186, 1.43788878016486, -0.900920880514602, -2.28248391223017, -1.88686814833501, -2.82028710501947, -0.43587591418692, 2.24561904248638, 0.677760368893093, 1.5185224738127, -2.94665209430014, -4.06591991745718, -1.1135661849228, 4.40231277434833, -2.28248391223017, NA, -4.06591991745718, -5.80914299031403, -3.72054301540761, -0.770494290290964, -4.06591991745718, -0.274600501197854, -3.09132676577126, -5.80914299031403, -3.46431559990757, -1.44210761092232, -2.0377249228153), .Dim = c(6, 20))
"year_no" <- c(1, 2, 3, 4, 5, 6)
"beta.m1" <- 0
"beta.m2" <- 0
"beta.v1" <- 0.001
"beta.v2" <- 0.001
"Temp" <- structure(c(7.77777777777778, 13.8888888888889, 14.4444444444444, 17.7777777777778, 12.2222222222222, 5, 7.77777777777778, 13.8888888888889, 16.6666666666667, 13.3333333333333, 13.8888888888889, 13.3333333333333, 12.7777777777778, 10.5555555555556, 18.3333333333333, 10.5555555555556, 10.5555555555556, 12.2222222222222, 6.11111111111111, 8.88888888888889, 10.5555555555556, 11.1111111111111, 9.44444444444444, 16.1111111111111, 17.7777777777778, 17.7777777777778, 16.6666666666667, 21.1111111111111, 6.66666666666667, 19.4444444444444, 14.4444444444444, 10, 16.1111111111111, 16.1111111111111, 17.2222222222222, 22.7777777777778, 12.2222222222222, 21.1111111111111, 15, 20, 18.3333333333333, 20, 13.3333333333333, 20.5555555555556, 11.6666666666667, 15, 20.5555555555556, 12.7777777777778, 14.4444444444444, 16.1111111111111, 19.4444444444444, 11.6666666666667, 22.7777777777778, 20, 19.4444444444444, 20.5555555555556, 12.2222222222222, 16.1111111111111, 10, 12.2222222222222, 11.1111111111111, 19.4444444444444, 16.1111111111111, 18.8888888888889, 13.3333333333333, 17.2222222222222, 17.2222222222222, 14.4444444444444, 13.3333333333333, 16.6666666666667, 19.4444444444444, 13.3333333333333, 14.4444444444444, 14.4444444444444, 11.1111111111111, 18.3333333333333, 8.33333333333333, 8.88888888888889, 7.77777777777778, 15, 20, 11.1111111111111, 13.8888888888889, 15.5555555555556, 4.44444444444444, 15, 12.7777777777778, 8.33333333333333, 17.7777777777778, 11.1111111111111, 8.88888888888889, 13.3333333333333, 12.7777777777778, 16.1111111111111, 14.4444444444444, 10, 11.1111111111111, 2.22222222222222, 15, 7.22222222222222, 16.6666666666667, 4.44444444444444, 1.66666666666667, 8.33333333333333, 16.1111111111111, 3.33333333333333, 2.22222222222222, 6.11111111111111, 16.6666666666667, 13.8888888888889, 14.4444444444444, 11.1111111111111, 6.66666666666667, 5.55555555555556, 6.66666666666667, 7.77777777777778, 0.555555555555556, 12.2222222222222, 7.22222222222222, 0), .Dim = c(6, 20))
"season_weeks" <- c(1, 2, 3, 4, 5, 6, 7, 8, 9, 10, 11, 12, 13, 14, 15, 16, 17, 18, 19, 20)
"x_ic" <- -5
"tau_ic" <- 100
"a_proc" <- 0.001
"r_proc" <- 0.001
"a_obs" <- 15.37
"r_obs" <- 7.84


}

######################################################################################################
######################################################################################################
