######################################################################################################
######################################################################################################
#### JAGS model file written by runjags version 2.0.4-2 on 2019-04-25 22:50:28 
######################################################################################################
######################################################################################################

model{
for(i in 1:N){
#this fits the blended model to your observed data. 
y[i] ~ dpois(m[i])
m[i]<- exp(mu[i])
}
#### Process Model
for(i in 2:N){
mu[i]~dnorm(lambda[i],tau_add) 
lambda[i]<- beta[1]*mu[i-1] + yr[year_no[i]]
}
#### Priors
lambda[1]~ dnorm(x_ic, tau_ic)
tau_add ~ dgamma(a_add,r_add)
beta[1] ~ dnorm(beta.m,beta.v)
tau_yr ~ dgamma(0.01,0.01)
mu[1] ~ dgamma(1,1)
#Loops through number of years and defines prior for each year 
for(k in 1:max(year_no)) {
yr[k] ~ dnorm(0,tau_yr)
}
}
#monitor# tau_add, beta, mu, tau_yr, yr

######################################################################################################
######################################################################################################
#### Initial values 
######################################################################################################
######################################################################################################

inits{
".RNG.state" <- c(-468560773, -1208687303)
"beta" <- 0.842620964646635
"lambda" <- c(-2.30258509299405, NA, NA, NA, NA, NA, NA, NA, NA, NA, NA, NA, NA, NA, NA, NA, NA, NA, NA, NA, NA, NA, NA, NA, NA, NA, NA, NA, NA, NA, NA, NA, NA, NA, NA, NA, NA, NA, NA, NA, NA, NA, NA, NA, NA, NA, NA, NA, NA, NA, NA, NA, NA, NA, NA, NA, NA, NA, NA, NA, NA, NA, NA, NA, NA, NA, NA, NA, NA, NA, NA, NA, NA, NA, NA, NA, NA, NA, NA, NA, NA, NA, NA, NA, NA, NA, NA, NA, NA, NA, NA, NA, NA, NA, NA, NA, NA, NA, NA, NA, NA, NA, NA, NA, NA, NA, NA, NA, NA, NA, NA, NA, NA, NA, NA, NA, NA, NA, NA, NA, NA, NA, NA, NA, NA, NA, NA, NA, NA, NA, NA, NA, NA, NA, NA, NA, NA, NA, NA, NA, NA, NA, NA, NA, NA, NA, NA, NA, NA, NA, NA, NA, NA, NA, NA, NA, NA, NA, NA, NA, NA, NA, NA, NA, NA, NA, NA, NA, NA, NA, NA, NA, NA, NA, NA, NA, NA, NA, NA, NA, NA, NA, NA, NA, NA, NA, NA, NA, NA, NA, NA, NA, NA, NA, NA, NA, NA, NA, NA, NA, NA, NA, NA, NA, NA, NA, NA, NA, NA, NA, NA, NA, NA, NA, NA, NA, NA, NA, NA, NA, NA, NA, NA, NA, NA, NA, NA, NA, NA, NA, NA, NA, NA, NA, NA, NA, NA, NA, NA, NA, NA, NA, NA, NA, NA, NA, NA, NA, NA, NA, NA, NA, NA, NA, NA, NA, NA, NA, NA, NA, NA, NA, NA, NA, NA, NA, NA, NA, NA, NA, NA, NA, NA, NA, NA, NA, NA, NA, NA, NA, NA, NA, NA, NA, NA, NA, NA, NA, NA, NA, NA, NA, NA, NA, NA, NA, NA, NA, NA, NA, NA, NA, NA, NA, NA, NA, NA, NA, NA, NA, NA, NA, NA, NA, NA, NA, NA, NA, NA, NA, NA, NA, NA, NA, NA, NA, NA, NA, NA, NA, NA, NA, NA, NA, NA, NA, NA, NA, NA, NA, NA, NA, NA, NA, NA, NA, NA, NA, NA, NA, NA, NA, NA, NA, NA, NA, NA, NA, NA, NA, NA, NA, NA, NA, NA, NA, NA, NA, NA, NA, NA, NA, NA, NA, NA, NA, NA, NA, NA, NA, NA, NA, NA, NA, NA, NA, NA, NA, NA, NA, NA, NA, NA, NA, NA, NA, NA, NA, NA, NA, NA, NA, NA, NA, NA, NA, NA, NA, NA, NA, NA, NA, NA, NA, NA, NA, NA, NA, NA, NA, NA, NA, NA, NA, NA, NA, NA, NA, NA, NA, NA, NA, NA, NA, NA, NA, NA, NA, NA, NA, NA, NA, NA, NA, NA, NA, NA, NA, NA, NA, NA, NA, NA, NA, NA, NA, NA, NA, NA, NA, NA, NA, NA, NA, NA, NA, NA, NA, NA, NA, NA, NA, NA, NA, NA, NA, NA, NA, NA, NA, NA, NA, NA, NA, NA, NA, NA, NA, NA, NA, NA, NA, NA, NA, NA, NA, NA, NA, NA, NA, NA, NA, NA, NA, NA, NA, NA, NA, NA, NA, NA, NA, NA)
"mu" <- c(0.344477816332999, -2.27704605042939, -2.92223435525445, -2.87061210472006, -0.717675908250869, -1.76631395632998, -1.50304337298502, 0.969332941361805, -1.91479405035766, -2.27361567693169, -2.3839217650056, -2.61544091269228, -1.96603651962028, -0.556997102395371, 0.725544021008193, 0.429310564195158, 0.417036851329757, 2.49870426358031, 2.55504104613506, 2.44673346010329, 1.62636295423372, 1.18400594712092, -2.30905367928666, -2.09700389746152, -0.344851481380084, 0.354273706819068, 3.55017790919967, 2.38699205133655, 3.63803944874707, 4.6030767152851, 6.49802057279954, 7.71355235510375, 5.43487074789253, 4.50315601119921, 8.10195189696771, 6.50702049818266, 6.28003150991216, 5.95148658984557, 2.35170624311317, 1.25530254465945, 0.774918959564972, 2.99609481551215, 4.06996256131244, 4.55822364649056, 5.53959527910554, 4.09352692840635, 6.59327320518253, 3.78256852298692, 2.40860594639403, 3.58444044252331, 1.65894866989284, 1.74273616309482, 0.463803234813182, 0.160128313070613, -0.573733244603528, 0.0751408309815189, 1.94234865394927, 0.772083204757644, 2.21412630610171, 3.43364631005628, 2.94707183768944, 2.56436556099496, 1.72777284878648, -0.378854237787544, -2.57700459612901, -2.6589924072771, -1.89421396790364, -0.743040261536536, 4.29731309298199, 3.9539561307821, 1.62153272321214, 0.695834150694287, -0.296697241782156, 0.145256443815855, 0.243208124789774, 1.44317741408666, 4.41473728432541, 3.76912452619982, 6.00044002622161, 4.93113731778307, 6.29282669513974, 4.42749931624504, 7.29033364361131, 5.11448414859296, 3.42721709718621, 4.44543620825951, 2.9403365104195, 5.04979677786386, 4.71066597423158, 0.522267346744302, 3.22518739521351, 3.35809655628169, 1.96840582348502, 3.6284243949205, 5.47139252363507, 3.34411877615664, 3.75706830776328, 3.79780212634349, 2.34033523328175, 3.37913571612081, 4.03198278426684, 5.36711074842253, 6.82170124916898, 3.55606069431414, 4.43561157685099, 5.45107580517326, 6.94039420330822, 2.81200806772219, 1.81896059569213, 2.69214845958624, 2.98574047868064, 1.44268855990399, 2.85047661178522, 2.64051353083741, 7.29242219856347, 7.28094765892104, 3.6973407465118, 3.77316362198484, 5.74927436013526, 5.3401509198293, 5.54383214955578, 8.20360636179127, 4.71894145303155, 4.22433476547835, 1.82941929507374, 0.00859519377742474, -0.870279391680616, 0.345516144421155, 1.11799175843079, -0.451616427365085, -1.00989086654251, 0.587817215965512, 0.102999025797924, 1.12825083500075, 0.395796390917907, 0.927208312941566, 0.723363609752675, -1.5553548153203, 1.94844600795314, 3.48370326101893, 4.38900834075233, 4.82630338083235, 3.94184151862154, 2.52273143514492, 6.10477631818279, 4.97167524862574, 4.22626394650202, 3.8369389102796, 3.42430686625981, 3.5639822035827, 2.67402436090795, 3.47537364953434, 6.41320630881157, 5.42718794259384, 3.55124026343356, 4.71627575269533, 5.0521843428148, 2.97217018433806, 3.57110410310825, 2.90059540972637, 2.73757208210886, 2.39387679395456, 2.39311196629782, 0.234958462891234, 1.17996110755491, 2.04589934613038, 0.551023269943562, -1.35003765622842, -0.860119022995834, 2.17260998062254, 0.170058926086704, 1.20604217883977, 0.244512823112708, -2.0216943319945, -2.22760032952369, -0.670589076535836, -0.973846609255755, -2.2874770356155, -0.355674141915305, 1.6957832767607, 4.62574219251536, 2.95100127492093, 3.70512708062206, 1.44568534099679, 3.68165006492004, 0.99181173829782, 2.45126819092306, 2.22406663955716, 0.319402251115064, -1.41442736740781, 1.25161378203623, 0.242532658671662, 0.609886896613809, 2.91234303438411, 1.56076498646961, 1.1444369792316, 1.9311221527137, 2.223318819603, 5.57950735777016, 2.07330839795814, 2.34434876429926, 4.37546179242641, 2.99068825035483, 7.70623523842562, 8.55266490301008, 8.74923450709388, 6.54517371848009, 4.16937599976837, 4.00161705901439, 2.94692632294808, 1.93715234896011, 1.29422274933721, 2.18343756087159, 0.0675210480930751, 0.817883681433098, 1.25346399375969, 0.040061508869456, -1.60306697217528, -2.63643556890342, -0.291142615665848, -1.95302479137276, -3.21380436260756, -2.50045428701397, -4.21828808361662, -3.99854429827788, -3.08221703027112, -1.88003057882649, -2.14312026859426, -2.86708349037676, -1.9370882177111, -1.41879740295667, -2.07419056650554, -2.15926399675975, -1.68463111539395, 0.45371909088582, 0.00965061771782816, -2.17984306258775, -1.36276805250099, -2.3797135189909, -2.77582975191184, -1.82144590467814, -1.42071146584375, -2.41337013950309, -1.80494284568621, -1.83611253647194, -2.48260609443944, -0.970823021198887, -1.916243855735, -0.934817203966558, -0.31205030434278, 0.546937757640526, 0.565327813122236, 0.167532262422727, 3.41154666294067, 3.0580515265817, 3.37023294263088, 4.7730340700109, 3.6459914665048, 6.36154470991587, 5.75648054767308, 4.99665859567149, 4.01333776518074, 1.75285456789285, 0.935110088117685, -0.468538961780606, -2.02619932507408, -1.94142743311744, -1.07420061508507, -0.831427629191208, 1.62326411465247, 1.70917910950823, -0.619126873286384, -0.23546823566229, 2.0420956232406, 2.141990262633, 3.11421807446004, 1.8204111830777, 1.13304039788012, 0.704278113343639, 0.493796324941952, -1.55357531490686, -2.80863204402219, -2.65007180660534, -1.09126951105824, -0.978556736562688, -2.18652161418451, -1.41953059584339, -4.35603953362253, -4.94658328834913, -5.54276687072723, -4.93695035790195, -3.84149295804306, -2.60931569368984, -5.07680053002761, -7.8407826347277, -6.13394741559841, -5.09070751205906, -3.62754950198755, -2.22224226267807, -1.16093755047542, 0.215355582959556, 1.38406623162632, 2.89145617584282, 4.24919207677348, 1.31040648730166, 3.60357379812284, 2.73184335843724, 3.66062398032414, 4.45897146070618, 4.478658976316, 5.1374591880381, 3.40191477066914, 3.79016052499485, 4.369767850937, 4.50256043826354, 4.50368861877344, 3.77723228860682, 1.10190275711327, 0.680927054412956, 0.566362621732632, 1.77979356897147, 0.947047113037572, -0.59421851684795, 3.0542500220042, 4.73351811489509, 3.68204495251455, 3.25400209686386, 1.0030574470016, 0.259651705952195, 0.730794324794623, 0.989012184265596, -2.79276432822427, -0.64058979412588, -1.30883470912603, -1.24153177864936, -2.50527624610557, 1.22251057766648, 0.79069128342642, 0.990490076438419, 0.931007632992661, 0.325161814835844, 1.37828604950129, 2.47633038188373, 1.56591819301902, 0.357748681955027, -3.58896044736461, -4.17434063077907, -3.10348007835974, -0.935785069110419, 0.362937255498498, -2.56708429227735, -3.11578363835805, -3.33647992641761, -3.62706698471911, -3.46836042078784, -2.12633387861852, -2.06022440886073, 1.13947234961064, 0.220833271197189, 0.97308961707114, 2.1203979912171, 1.18510166396265, 1.91792212723628, 2.96269715033744, 3.74248064009192, 4.26043627149881, 4.1518649986394, 4.07547807547579, 6.05062742262094, 5.42871144891413, 6.35869150995222, 7.16477840621066, 9.84208762794242, 9.34325716709607, 5.8886491904703, 4.18448939188842, 2.79564297664515, 3.50165106510982, 0.850057903698947, 2.09406778867788, 1.63799961480506, 2.05461365172456, 4.44778518925771, 3.58057607887462, 5.34440235294667, 4.12008189428247, 2.54197728535669, 4.50209548824728, 3.94672741761109, 5.5655468636662, 4.52255500219581, 6.24894915023807, 7.28108631443762, 9.77753069666734, 8.57002568312882, 8.67770114068363, 7.31769031881618, 7.3705375090646, 7.60333818601022, 7.02182805533936, 7.83919763603642, 7.63167406761518, 8.57138584421186, 7.52867502154166, 6.09817329970194, 4.38904542113669, 3.43245102546499, 2.1390836882441, 3.17059016350091, -0.778147862969976, -3.46563881651125, -3.23638205988275, -4.32216163375994, -3.16499165249924, -1.69582119378086, 0.140694137717313, 2.8533857210549, 3.14769924999742, 5.28631290915208, 6.53923530708884, 6.21684738177916, 6.37077508990798, 4.86891515716698, 5.50386910480715, 4.65160280749885, 5.30480936531812, 7.80424260217958, 5.55730225982808, 5.68368037629956, 4.4569775006212, 3.25872775905942, 5.8657989612046, 2.75951738262019, 3.83251247803896, 4.12118477908365, 5.03863169830362, 3.97108685477459, 4.33916401179303, 5.63479474803987, 3.08205261198038, 2.64512603427397, 2.03384539869596, 1.40529289755355, 1.89760111214589, 3.23116476212817, 2.36971738071612, 0.927671005310773, 0.866656431004381, 1.06681755356728, -0.149315426737006, 2.48169850142481, 3.29917896086728, 1.61846183303667, 2.93916176866151, 3.9767412817557, 5.68604432429415, 4.56125181632933, 5.59476376516629, 3.03962048207384, 3.38939750279995, 3.43307919292151, 3.34397103825459, 1.81194375893921, 1.79270953850259, 1.75721610263148, 3.62132710612365, 2.43931875469102, -0.107770001211609, 0.180356727676697, -1.62845311066392, -2.45081019139229, -0.480342234597461, -2.38740126036584, -1.51926780678895, -3.40018013300098, -1.56916877450144, 0.260543966903371, 2.26961082055962, 1.11929732535699, -0.486357110636973, 0.784793018688152, 1.66797472259775, 2.56123062937558, 3.31534813197243, 1.99711785566418, 1.79568272115195, 3.46834663245693, 4.36966531895435, 5.32496013934511, 3.14586599013273, 3.98158679642748, 4.81380787274733, 4.65530439709058, 8.66920126011951, 4.96231208610779, 7.61878069849782, 5.70350023288141, 4.69804730921532, 4.4286182315572, 4.0259425285746, 3.23136107816317, 3.05047403436448, 4.24178758919587, 6.04516118379215, 5.40974643497424, 5.71725524427289, 4.37310463280259, 3.72078130894133, 3.35253867547431, 3.86047056612581, 2.75488128018885, 2.81263592701701, 0.881786272631546)
"tau_add" <- 0.398697285930467
"tau_yr" <- 37.8732349451417
"y" <- c(3, 0, 1, 0, 1, 0, 1, 0, 1, 0, 1, 0, 1, 0, 1, 0, 1, 0, 1, 0, 1, 0, 1, 0, NA, NA, NA, NA, NA, NA, NA, NA, NA, NA, NA, NA, NA, NA, 1, 0, 1, 0, 1, 0, 1, 0, 1, 0, 1, 0, 1, 0, 1, 1, 1, 1, 1, 1, 1, 1, 1, 1, 1, 1, 1, 1, 1, 1, 1, 1, 1, 1, 1, 1, NA, NA, NA, NA, NA, NA, NA, NA, NA, NA, NA, NA, NA, 1, NA, NA, 1, NA, 1, NA, 1, 1, 1, 1, 1, 1, 1, 1, 1, 1, 1, 1, 1, 1, 1, 1, 1, 1, 1, 1, 1, 1, 1, 1, 1, 1, 1, 1, 1, 1, 1, 1, 1, 1, NA, 1, 1, NA, NA, 1, NA, 1, NA, NA, NA, NA, NA, NA, NA, NA, NA, NA, NA, 1, NA, 1, NA, 1, NA, 1, 1, NA, 1, 1, 1, 1, 1, 1, 1, 1, 1, 1, 1, 1, 1, 1, 1, 1, 1, 1, 1, 1, 1, 1, 1, 1, 1, 1, 1, NA, 1, 1, NA, 1, NA, 1, NA, 1, 1, NA, NA, NA, 1, NA, NA, NA, NA, NA, NA, NA, NA, NA, NA, NA, NA, NA, NA, NA, NA, 1, 1, 1, 1, 1, 1, 1, 1, 1, 1, 1, 1, 1, 1, 1, 1, 1, 1, 1, 1, 1, 1, 1, 1, 1, 1, 1, 1, NA, NA, NA, NA, NA, NA, 1, NA, NA, NA, NA, NA, NA, NA, NA, NA, NA, NA, NA, NA, NA, NA, NA, NA, NA, 1, 1, 1, 1, 1, 1, 1, 1, 1, 1, 1, 1, 1, 1, 1, 1, 1, 1, NA, 1, 1, 1, 1, 1, NA, 1, 1, NA, NA, 1, NA, NA, NA, NA, NA, NA, NA, NA, NA, NA, NA, NA, NA, NA, NA, NA, NA, NA, NA, NA, NA, NA, 1, NA, 1, 1, 1, 1, 1, 1, 1, 1, 1, 1, 1, 1, 1, 1, 1, 1, 1, 1, 1, 1, 1, 1, 1, 1, 1, 1, 1, 1, NA, 1, NA, 1, NA, 1, NA, NA, NA, NA, NA, NA, NA, 1, NA, NA, NA, NA, NA, NA, NA, NA, NA, NA, 1, NA, 1, NA, 1, NA, 1, NA, 1, 1, 1, 1, 1, 1, 1, 1, 1, 1, 1, 1, 1, 1, 1, 1, 1, 1, 1, 1, 1, 1, 1, 1, 1, 1, 1, 1, 1, 1, 1, 1, 1, NA, NA, NA, NA, NA, NA, 1, NA, 1, NA, NA, 1, NA, 1, NA, 1, NA, 1, NA, 1, NA, 1, NA, NA, 1, NA, 1, NA, 1, NA, 1, NA, 1, 1, 1, 1, 1, 1, 1, 1, 1, 1, 1, 1, 1, 1, 1, 1, 1, 1, 1, 1, 1, 1, 1, 1, 1, 1, 1, 1, 1, 1, NA, NA, NA, 1, NA, NA, 1, NA, 1, NA, NA, NA, 1, NA, NA, NA, NA, NA, 1, NA, NA, NA, NA, 1, NA, 1, NA, 1, 1, 1, 1, 1, 1, 1, 1, 1, 1, 1)
"yr" <- c(0.150393795795983, 0.281824870312302, 0.176362429274223, 0.101687258811005, 0.169435393359947, -0.0236314762126363, 0.0753379808180515, 0.0726137644200561, -0.0945446223956233)
".RNG.name" <- "base::Super-Duper"
}

inits{
".RNG.state" <- c(14, -163363888, 1770042332, -1128801471, 1708155689, -899259047, 2024196565, 1461984399, 521526660, -1707091809, 832165039, 1035480000, -1531435545, 1614516638, 595377363, 1433942830, 1153655349, -446174722, -1897123032, -2001388471, -606949467, -1006351601, 2072449858, 802539922, 1412615659, -2121617703, 1811941901, 134842271, -219547745, 36648179, 1861723146, -261594507, -1737575810, -1876290087, -545719538, 1035652150, 639032353, 532145082, -1437625078, -224572901, 393350661, 1312917618, 1188693291, 1944812837, -312311208, 1358944147, -1295771919, 1777785480, 147254003, 1021333018, -1528130208, -2094674265, -1557718995, 1367993866, -244133728, 1796028203, -1382561284, 787369436, 178893865, 1788536237, -1861998052, 589179046, -70328617, -591226546, -1095521862, -1693318695, -460410340, -792175584, -699922298, -2142317537, 25155500, 1431638335, 1580510466, 1534541536, -1353025598, 539578599, 1317394875, 1588625555, -614314791, -1064011514, 301329560, 1041682086, 1843555394, -1514469435, -1479010406, -591753182, 357272405, -170749309, -1092173120, 602659367, 24661210, 160103084, -389637178, -546050852, 416229645, 1431283531, 179783796, -98449160, -813958036, 56758426, -1433669024, -1931082524, -565603013, -1345816778, 2089989909, 1187366049, 1392555784, 413072046, -476280001, -986557247, 1147824508, -1904123568, 617792043, 980342869, -1585990486, 1610999154, 1760211203, 2097691680, 1625893621, -1439806104, 1265186102, -959598633, -1231444961, -1300793772, -1485798563, 457230864, -1285881463, 90112928, -1609481658, -594144467, 1644988316, -1805330036, 1741879530, -1587008930, 1047530325, -1522435036, 1143716713, 66962163, 133728707, 1750160745, 1141024936, 1500626872, 1066769986, -1293617852, -1191076463, 442209238, -703654425, 1100516937, 2143435026, -1258311860, 618058470, -555633842, 1739604009, -676173368, 1214133826, -329694693, -1000809245, -449247195, -190461447, 1470564301, 399373007, -856780592, 1883962256, 598132151, 1170468052, 240935409, -1475596803, -1571781315, -1023441842, -424250019, -974775113, -1565903480, -1283627688, 185945968, 1504804025, 990416667, 692720835, -1387910048, -810257536, -726160364, 2145033347, -445662587, -929540426, 1824386547, -854094110, 1719488648, -511110924, -578436586, -15884919, -1644558709, -40659235, -421717580, 340834861, 880976912, -1481770335, -364228828, 74725783, -688691067, 692533007, -584326552, 866111981, -156764188, 964066525, -1245603673, -1198388369, -1216386003, -537495491, -1738620977, 452427303, 1798956042, 2138164201, 2048076961, 2046199567, -1478412675, -1988136233, -56898635, 654562039, 836477226, 856471005, 1464711959, -464574776, 363376980, 142931956, -1417005420, -528557604, -1296834161, -291017103, -449140818, 1023799702, 1796482061, -1430630818, -326899837, 1168997824, 1241261332, 1980809620, 1694204683, 1533551988, -672211540, -469367595, -1554447478, -1191182887, -1847602116, -1990345198, 1816031123, -1196971398, -131366010, 1998223065, 1053715875, 104494803, -1328804949, -494153732, -613574933, 1266417505, 255672431, 1773172707, 896770809, 2089692744, -1990408628, -1017292629, 25466052, 1163229063, 1353840287, -932029551, 148359785, 1193439451, 951014001, 876414868, 459944849, -1382828626, -959641046, 835420361, -1695967999, -390987761, -1733073151, 1191920416, 206573088, 1687236554, 1524629066, 753485715, 1693646213, 142191662, 52247832, -1040870015, -826583373, 694997555, -1067881445, -1131581580, 1227323106, 1930880376, 332824646, 1239109347, -162765062, -590272055, -365479747, 413505744, -1299187209, 1515305159, -754686114, 1011058507, 185539811, 1671338054, -1782802980, -922804573, 2071025965, -1472343171, 1021377808, -1693935732, -1307510577, -1337818843, -1031893116, 965040811, -48106561, 582603678, 1652567244, -270367757, -1473054267, -28757055, -1562357715, 1717502154, -1634465180, 672319897, -1790419495, 241351719, -1770219684, 1709930003, 1247510791, -1132651226, 677366555, -2021033707, -2133306390, -993527027, -1581463787, 1221948669, -146398662, 480252825, -1698654626, -1583888846, -332979622, 735328586, -492773343, -883603872, 113607914, 1742549973, -827319715, -2145566875, -1532010767, -421126355, -1534769613, 2045172785, 1770960474, 2143360734, 1617302215, -331219066, 1545870883, -1056988714, 1954827582, -1186941603, -2090525902, -1726692700, 1268953488, 1065602822, -49939570, 631879411, -879266273, -1742952582, -785221693, 1235592767, -1448559387, -549613169, 1035741369, 290866184, -75706074, -983408859, -1102861918, -163835078, 1211294992, 1872023742, 15562147, 1562620859, -438915094, -885009420, -1935613423, 129858516, 1206977359, 902202176, -502759626, -2019641462, 98277389, 1736906231, 424408981, -1168431217, -1886416922, -1351257389, -1608784748, -344756769, -708543155, 1487998665, 1028119884, 540238845, -1288816497, 636457292, 660399943, -863914311, -773486500, 1391024006, 2105659680, 483531005, 916848459, 544410332, 459608025, -862055349, 909812113, -92846214, -1996374951, 796169628, -905306249, 1296157290, 1744649541, -343763046, -1360406549, 1783713029, 1482451822, -577973473, 1496844713, 824089945, 2118717081, -382504767, -607725602, -426562110, -2087767103, -109084653, -615359978, -1812330304, -400060153, 1457291852, -488850853, -943386927, -835238458, -1247709808, 542781744, -262032756, 1062409262, -437040086, -1885498109, 1662571442, 415899382, 322081280, -1306108632, 1171624254, -1973992726, -1249724033, 1352390422, -631090636, -391134671, 1231616257, -1003874412, 1176647711, -1877061182, -1337238877, 1694082038, 1264563842, -1244262080, 564296710, -1372686704, 1818498048, 2030830196, 713936110, -585997403, -238049025, 1790537504, 1313262729, 80675707, 1838602886, 936403658, 2064144069, 357590632, 818873070, 13900943, 457175524, -332070105, -721589147, 1555588239, -1687963246, -761936514, -1510080376, -2481799, 1284727295, -1947531128, -690046133, -1742339246, -780126054, -1555329489, 2060330233, 1933012374, 1466581824, 1577514197, 103940202, 799455969, -355712668, -561538165, 1647301726, 1887305456, -1690968648, 674683675, -1557393659, -1999656886, 2013609888, 2080912720, -1338967410, -263114790, 648693137, 1982431582, -1190279293, 2031212148, -1985563515, 569804726, -2012607747, -21218775, -482486236, -1792059021, 1121376046, -1425275330, -1197833703, 1143500630, 729921538, 1208145089, 159144918, -1962004086, -488765402, 806832664, 1592103626, 1229056682, 2130707068, -1358838346, 1755374396, -1313994198, 569925682, -93470912, 2060408219, 224142793, -1564001703, -1904953587, -2057396838, -1811852555, 2120294889, -299530081, -1528740013, 1883456042, -1641651200, -2144397281, 1192688125, 624803854, 1690028046, 1379733420, -1370185385, -254572644, 1897170778, -561681973, -1375419665, 1926384761, 321104524, 1291769480, -2077678127, -392141369, -114387307, 400610373, -2076605828, -1711172308, 672841727, -325368827, 1723144628, 1813166450, 840409687, 1701378418, -1630045968, -94996607, 127384922, 2042344175, 1912344968, -1588132555, 1392816738, 559860224, -1607117154, 758150561, 205481301, 1316647900, -803283451, -118589761, 1685106866, -682777503, -148506517, -1151767719, -798472220, -396003386, 546095693, 907130389, 203519237, 931530635, -1307784662, -1179350948, -372176555, -609765227, 1635848367, -1547361250, -1186893259, -1539926180, -1011249997, 426646221, -1180958264, 559291477, -1771266484, 1874516805, 1921242103, -155506636, -1540750434, 1674985810, -279555146, -1851199903, -1500896264, -1385715478, -499472981, 315933082, 1090962552, -2036251216, 1181121700)
"beta" <- 0.910919843739832
"lambda" <- c(-2.30258509299405, NA, NA, NA, NA, NA, NA, NA, NA, NA, NA, NA, NA, NA, NA, NA, NA, NA, NA, NA, NA, NA, NA, NA, NA, NA, NA, NA, NA, NA, NA, NA, NA, NA, NA, NA, NA, NA, NA, NA, NA, NA, NA, NA, NA, NA, NA, NA, NA, NA, NA, NA, NA, NA, NA, NA, NA, NA, NA, NA, NA, NA, NA, NA, NA, NA, NA, NA, NA, NA, NA, NA, NA, NA, NA, NA, NA, NA, NA, NA, NA, NA, NA, NA, NA, NA, NA, NA, NA, NA, NA, NA, NA, NA, NA, NA, NA, NA, NA, NA, NA, NA, NA, NA, NA, NA, NA, NA, NA, NA, NA, NA, NA, NA, NA, NA, NA, NA, NA, NA, NA, NA, NA, NA, NA, NA, NA, NA, NA, NA, NA, NA, NA, NA, NA, NA, NA, NA, NA, NA, NA, NA, NA, NA, NA, NA, NA, NA, NA, NA, NA, NA, NA, NA, NA, NA, NA, NA, NA, NA, NA, NA, NA, NA, NA, NA, NA, NA, NA, NA, NA, NA, NA, NA, NA, NA, NA, NA, NA, NA, NA, NA, NA, NA, NA, NA, NA, NA, NA, NA, NA, NA, NA, NA, NA, NA, NA, NA, NA, NA, NA, NA, NA, NA, NA, NA, NA, NA, NA, NA, NA, NA, NA, NA, NA, NA, NA, NA, NA, NA, NA, NA, NA, NA, NA, NA, NA, NA, NA, NA, NA, NA, NA, NA, NA, NA, NA, NA, NA, NA, NA, NA, NA, NA, NA, NA, NA, NA, NA, NA, NA, NA, NA, NA, NA, NA, NA, NA, NA, NA, NA, NA, NA, NA, NA, NA, NA, NA, NA, NA, NA, NA, NA, NA, NA, NA, NA, NA, NA, NA, NA, NA, NA, NA, NA, NA, NA, NA, NA, NA, NA, NA, NA, NA, NA, NA, NA, NA, NA, NA, NA, NA, NA, NA, NA, NA, NA, NA, NA, NA, NA, NA, NA, NA, NA, NA, NA, NA, NA, NA, NA, NA, NA, NA, NA, NA, NA, NA, NA, NA, NA, NA, NA, NA, NA, NA, NA, NA, NA, NA, NA, NA, NA, NA, NA, NA, NA, NA, NA, NA, NA, NA, NA, NA, NA, NA, NA, NA, NA, NA, NA, NA, NA, NA, NA, NA, NA, NA, NA, NA, NA, NA, NA, NA, NA, NA, NA, NA, NA, NA, NA, NA, NA, NA, NA, NA, NA, NA, NA, NA, NA, NA, NA, NA, NA, NA, NA, NA, NA, NA, NA, NA, NA, NA, NA, NA, NA, NA, NA, NA, NA, NA, NA, NA, NA, NA, NA, NA, NA, NA, NA, NA, NA, NA, NA, NA, NA, NA, NA, NA, NA, NA, NA, NA, NA, NA, NA, NA, NA, NA, NA, NA, NA, NA, NA, NA, NA, NA, NA, NA, NA, NA, NA, NA, NA, NA, NA, NA, NA, NA, NA, NA, NA, NA, NA, NA, NA, NA, NA, NA, NA, NA, NA, NA, NA, NA, NA, NA, NA, NA, NA, NA, NA, NA, NA, NA, NA, NA, NA, NA, NA, NA, NA, NA, NA, NA, NA, NA, NA, NA, NA, NA, NA, NA, NA, NA, NA, NA, NA, NA, NA, NA, NA)
"mu" <- c(0.586516956243503, -1.02104594542235, 1.31291587965819, 3.6937312870431, 3.16992524483631, 4.86889004007575, 2.58229885714735, 4.61798852092691, 5.51174422410633, 4.02076995079428, 1.67045823854652, -0.921379337744364, -1.35329677741814, -1.85659311101689, -1.63532278041134, -2.14900622508928, -3.04864004914114, -3.79916638092212, -3.59994177609788, -3.26568025909003, -3.45397636047477, -0.733093684017012, -1.48131186735374, -0.406207382783455, 0.129338413532102, 1.13123043120324, 3.5748184746795, 2.16755466038628, 3.59119465176919, 4.69562671146807, 6.5027203914956, 7.72046026130043, 5.49934198233881, 4.41667118087618, 8.07597739205673, 6.52937143739329, 6.16142463817531, 5.81540289066152, 7.54084727900727, 5.5911698683668, 5.22671254967413, 5.6445773237346, 3.47065911146214, 0.313535940455325, -1.01485216918474, 1.11069232690673, 1.57178834766106, 1.50853956350037, 0.566275672953064, 2.47864980528341, 2.71222004058513, 2.39619747968612, 4.75933508762863, 4.36451780819652, 0.477521874579951, 1.1704465440485, 0.831972104733194, 2.83016244582368, 5.98336777292625, 6.21755840826029, 5.5689393755457, 4.26085754123021, 4.35554809681626, 3.60668529991824, 2.72012633160799, 0.182524096684285, 1.14584646321658, 1.03209039408465, 1.81779006876506, 1.02025772968659, -0.418579145565377, -0.744615788224844, -1.95681642721226, -0.0221842003298721, -0.817462081547227, 2.14707104181752, 4.30183677944153, 3.42310123262649, 6.02653216173561, 4.87693509990669, 6.23958134241999, 4.23667935374496, 7.35053464941254, 5.23815011594475, 3.65606068245325, 4.35108846717555, 2.57579124376044, 3.65626244069235, 4.77102060531393, -0.0591500629023899, 0.0285593741482484, 3.37012632329702, 4.13706374413749, 3.38003347147138, 2.96448887299999, 0.715928015492811, 0.599744885005596, -0.302554255571178, 0.424688522848886, 0.418889927273117, 1.30516633593312, 1.49341121926482, -0.839144362216323, -3.35386456239789, -3.95558320638868, -2.16529149623598, -1.19005992158973, -3.65982992624225, -3.38085359099614, -4.50184905391551, -3.53103214001166, -1.7070572032119, -3.26503097672271, -3.02166781153376, -4.96616853050692, -5.12502514442749, -4.60129920308291, -3.54433221007133, -2.33514475260265, 0.23198763749123, 0.729604640029331, 1.02113381519879, -0.757420650373037, 0.717392485482855, -2.12976226779538, -1.67165639595848, -0.965588411030974, -2.62170807594198, -2.40027053373196, 1.49352528000701, 0.41894861042487, 0.999763151439373, 0.115970648549626, -0.690177425183428, 1.2685743200558, -1.14391654383068, 0.882740638993614, -0.192331075827078, 2.07010521178916, 3.52638187435097, 4.34575586140488, 4.79702784683807, 3.96707261120695, 2.30896656124051, 6.16210915365064, 4.70320795158629, 4.31275806571333, 1.16395223331105, 3.63908677090421, 3.64761668462379, 2.24014264800689, 4.79110936410292, 6.4094257014925, 5.43133245552651, 6.20244338481201, 4.74998164191265, 4.18679676224451, 5.4287199020676, 2.47937015778133, 1.04354310656759, 0.669607557566819, 0.114709875846705, 1.89303555340146, 2.2997897873833, 2.72286513568672, 3.54274093815386, 3.37803625093253, 3.86657235045193, 3.13605612297976, 2.72195109462442, 3.95244949690098, 3.27187978641649, 2.93775751697516, 3.71594897580856, 2.14210472584375, 2.64812614063661, 3.63787888440277, 5.94131847725697, 4.69454939129207, 6.6078304351665, 4.99731548460641, 5.33372647066189, 4.93154806096595, 1.1704730043433, 1.89870517089717, -0.129532489604895, 2.57528425950987, 0.79387177309134, -0.40232624224917, 0.729522319430484, 2.18243561044588, 1.76054921840164, 3.21675958700868, 3.03488086276737, 2.02825242166148, 1.46625753274432, 3.04120164712489, 2.51735573390289, 5.61580552925321, 1.85249660268285, 2.0870381415389, 4.40178990609902, 2.52693475106174, 7.68752849572255, 8.54594408973434, 8.76206163985192, 6.47116114440849, 4.10802839720263, 3.9202281803196, 3.15876356858829, 1.41941018335576, 0.436117815136489, 1.87252636511944, 2.57540465490947, 2.79343904987502, 1.94611092078293, 3.45749375447383, 5.82746770251828, 6.31126258897278, 3.13971701638151, 1.53614082370788, 2.56170567010237, 0.943969659101472, -0.223056548526332, -0.529582067604818, -0.296736075538296, 1.37126032690243, 0.222312101796382, -1.96403596399199, -4.55134726274469, -3.75560692404635, -1.10090288522366, 0.565925064656432, 1.09119206715913, 0.00364725146119449, -1.00011809177629, -0.527305466774664, -1.96913117746534, -4.46920024322343, -4.48232892003348, -5.77841189560124, -5.56367225363879, -6.81567312629407, -7.81199098430015, -6.23305229626976, -4.18463588700914, -1.30490878683412, 0.445282372127547, -3.49192826271548, -2.52116007355446, -1.70169936914546, -1.79813086130449, -0.561348922945678, 3.42656253162624, 3.06798852685891, 3.54343482306772, 4.98029430642677, 3.33532201936979, 6.34463162965907, 5.79713128027911, 4.85887435793817, 4.31093980084984, 2.29442672264324, -0.875924741356341, -1.15741771700005, -4.49486090207378, -3.30016368689682, -2.02599706661484, -6.04324670742147, -6.97092086113137, -4.90655204971076, -5.94856571749997, -2.79481999051917, -1.34559230512575, -2.47838555819394, -1.72447067849441, -0.549073198268663, 0.317172917670871, -1.00703061539187, -0.468550420155165, -1.75032924927264, -0.881557264933236, -1.32120181101949, -2.23895103234284, -1.77434777073061, -0.938746446598244, -2.47869831159851, -2.71298489634632, -4.44982072203796, -2.24858688180553, -1.1180954224378, -5.45184424501352, -7.2733551404934, -6.28179273601763, -5.84871949309061, -5.7454047201962, -4.31253865010241, -4.80805668760372, -6.45523470233743, -4.756636196987, -0.811108317083264, 1.62085189520748, 2.87716739367431, 4.24159956672931, 1.23670547046862, 3.85181008513423, 2.89641980017964, 3.77188845641037, 4.22351904281196, 4.4835046671462, 4.89272656574864, 3.05822735844922, 3.80914884954283, 4.69885541460306, 4.13475398033353, 4.50365071643581, 3.71366696174424, 1.31345418238032, 1.64467113677411, 1.37752352721314, 2.06865135971771, 2.06413100553365, 0.589237559329316, 0.515112646311952, 1.13168328626612, 0.1773429566853, 0.678053775240278, 0.662938836478499, 2.14154628718735, 1.44152449965198, 2.03455648757597, 2.86669250630217, 3.66252970279132, 1.29254989280141, 0.196128950193948, -0.944647493916659, -3.11788598033174, -1.78017161205506, -2.12096463510472, -4.45970400267836, -6.16997460302455, -4.34677630172327, -6.55517346920705, -8.57682083624349, -9.27955877179601, -8.19720088809328, -5.6439241730648, -7.68711473383637, -5.91157035601844, -5.32623120469238, -4.60554567263167, -2.787775121485, -3.10759113730289, -4.2246598637508, -3.54990985130641, -4.6542402077828, -3.1301347259738, 1.14873129281267, 0.754566302057215, 1.5465864681155, 2.79826858655425, 1.52009878985338, 2.67360141232571, 2.31986201427402, 3.99996736800264, 4.37525864406746, 4.06118253616297, 4.33248139912013, 5.95063598082491, 5.27475279290501, 6.42052460328009, 7.17729769215295, 6.11972171580545, 9.35767983588909, 7.3523173967637, 4.26987385507295, 3.87600071092454, 3.77792389330094, 2.59064853693885, 1.50174616129653, 0.579406454258376, 2.13196987539762, 4.07940936309375, 3.29688245415154, 5.10931188736165, 3.38935368582235, 2.05637127382877, 1.38602200262918, 2.07180902208362, -1.00674797372776, 0.165465240624276, 1.6463050466837, -0.137217034272744, -0.721668773989487, -3.29799733429142, -1.69612119527071, 0.0494707174114445, -1.28272022597797, 0.385834570225809, 1.98908707409512, 3.95332867712436, 2.121906476, -0.137488532630824, 0.725721952438531, 3.72293707649766, 4.24392437764619, 4.7752513234579, 4.46377899819885, 4.24088253359183, 4.77150768878011, 2.43277886568305, 1.1185840204429, -0.426529748369294, -1.02996975067342, -0.123043507502816, 0.515104386898272, 2.92421436074653, 3.84117375721242, 5.26574986498472, 5.97046351822768, 6.32083333347306, 7.1718663729935, 4.84300707692818, 5.45972931658396, 4.09351600545298, 5.26134391186119, 5.68489246387011, 5.40887232931078, 2.94489548410835, 4.46425528611773, 5.73775411847426, 5.86556123228416, 4.83386374019496, 3.6620887381179, 4.73577181026595, 5.12911380796989, 3.90712811083676, 3.31501341476481, 5.66306015283305, 5.51151254485498, 2.53180975691923, 2.26828879681041, 1.09096097424221, 2.22131552060978, 2.97026775698289, 1.85083668300919, 1.39234412526282, 2.97115498099662, 2.43449512315173, -0.939531287808746, -1.42706190692934, -2.99660560726832, -4.85163996446342, -4.99038160212865, -5.18341578229082, -6.01559351110682, -4.67387190167256, -6.34917207573758, -6.75104089409765, -4.14697585830307, -4.59610369070235, -6.19320004036776, -3.63761370329598, -3.19460616144814, -1.49677453879759, -3.08495802194563, -0.760145460771306, -3.06377872783192, -1.24375252117984, -3.05885850889963, -2.57610479190544, -1.67734567820558, -0.676273001032367, 0.172504002892642, -0.89465860024459, -1.10500262078347, 0.515770636772461, 2.51520958908999, 1.23511324193649, 0.224597074187605, 0.159155008062621, 2.37422663069048, 2.28337061907625, 3.94627643872821, 2.24088297230878, 1.25622904498289, 3.355266537028, 4.41990610584684, 5.21268488438618, 2.90737934187669, 3.92325602010816, 4.58214116236322, 4.48857604687325, 5.54536010934301, 4.87628444645402, 7.56756890483154, 5.69865527258833, 4.70343361506869, 5.27595289407491, 3.89392432560169, 1.53169154540692, 1.88802749061251, 1.79315922385995, 2.33345303681038, 3.82843622594112, 5.0461501327074, 1.71418897092496, 2.45952159258182, 2.30411396574227, 3.2790792672617, 4.30919917390055, 4.53354250171371, 5.93648914057477)
"tau_add" <- 0.419087901858816
"tau_yr" <- 51.720815829935
"y" <- c(3, 1, 1, 1, 1, 1, 1, 1, 1, 1, 1, 1, 1, 1, 1, 1, 1, 1, 1, 1, 1, 1, 1, 1, NA, NA, NA, NA, NA, NA, NA, NA, NA, NA, NA, NA, NA, NA, 1, 1, 1, 1, 1, 1, 1, 1, 1, 1, 1, 1, 1, 1, 1, 1, 1, 1, 1, 1, 1, 1, 1, 1, 1, 1, 1, 1, 1, 1, 1, 1, 1, 1, 1, 1, NA, NA, NA, NA, NA, NA, NA, NA, NA, NA, NA, NA, NA, 1, NA, NA, 1, NA, 1, NA, 1, 1, 1, 1, 1, 1, 1, 1, 1, 1, 1, 1, 1, 1, 1, 1, 1, 1, 1, 1, 1, 1, 1, 1, 1, 1, 1, 1, 1, 1, 1, 1, 1, 1, NA, 1, 1, NA, NA, 1, NA, 1, NA, NA, NA, NA, NA, NA, NA, NA, NA, NA, NA, 1, NA, 1, NA, 1, NA, 1, 1, NA, 1, 1, 1, 1, 1, 1, 1, 1, 1, 1, 1, 1, 1, 1, 1, 1, 1, 1, 1, 1, 1, 1, 1, 1, 1, 1, 1, NA, 1, 1, NA, 1, NA, 1, NA, 1, 1, NA, NA, NA, 1, NA, NA, NA, NA, NA, NA, NA, NA, NA, NA, NA, NA, NA, NA, NA, NA, 1, 1, 1, 1, 1, 1, 1, 1, 1, 1, 1, 1, 1, 1, 1, 1, 1, 1, 1, 1, 1, 1, 1, 1, 1, 1, 1, 1, NA, NA, NA, NA, NA, NA, 1, NA, NA, NA, NA, NA, NA, NA, NA, NA, NA, NA, NA, NA, NA, NA, NA, NA, NA, 1, 1, 1, 1, 1, 1, 1, 1, 1, 1, 1, 1, 1, 1, 1, 1, 1, 1, NA, 1, 1, 1, 1, 1, NA, 1, 1, NA, NA, 1, NA, NA, NA, NA, NA, NA, NA, NA, NA, NA, NA, NA, NA, NA, NA, NA, NA, NA, NA, NA, NA, NA, 1, NA, 1, 1, 1, 1, 1, 1, 1, 1, 1, 1, 1, 1, 1, 1, 1, 1, 1, 1, 1, 1, 1, 1, 1, 1, 1, 1, 1, 1, NA, 1, NA, 1, NA, 1, NA, NA, NA, NA, NA, NA, NA, 1, NA, NA, NA, NA, NA, NA, NA, NA, NA, NA, 1, NA, 1, NA, 1, NA, 1, NA, 1, 1, 1, 1, 1, 1, 1, 1, 1, 1, 1, 1, 1, 1, 1, 1, 1, 1, 1, 1, 1, 1, 1, 1, 1, 1, 1, 1, 1, 1, 1, 1, 1, NA, NA, NA, NA, NA, NA, 1, NA, 1, NA, NA, 1, NA, 1, NA, 1, NA, 1, NA, 1, NA, 1, NA, NA, 1, NA, 1, NA, 1, NA, 1, NA, 1, 1, 1, 1, 1, 1, 1, 1, 1, 1, 1, 1, 1, 1, 1, 1, 1, 1, 1, 1, 1, 1, 1, 1, 1, 1, 1, 1, 1, 1, NA, NA, NA, 1, NA, NA, 1, NA, 1, NA, NA, NA, 1, NA, NA, NA, NA, NA, 1, NA, NA, NA, NA, 1, NA, 1, NA, 1, 1, 1, 1, 1, 1, 1, 1, 1, 1, 1)
"yr" <- c(0.16012502698131, 0.113493139254972, 0.0269377617637322, 0.00476464086080603, -0.20014756786784, 0.101305345981628, -0.106824785888655, -0.0861971701527074, 0.022678468932072)
".RNG.name" <- "base::Mersenne-Twister"
}

inits{
".RNG.state" <- c(24195, 4082, 29792)
"beta" <- 0.924435632455523
"lambda" <- c(-2.30258509299405, NA, NA, NA, NA, NA, NA, NA, NA, NA, NA, NA, NA, NA, NA, NA, NA, NA, NA, NA, NA, NA, NA, NA, NA, NA, NA, NA, NA, NA, NA, NA, NA, NA, NA, NA, NA, NA, NA, NA, NA, NA, NA, NA, NA, NA, NA, NA, NA, NA, NA, NA, NA, NA, NA, NA, NA, NA, NA, NA, NA, NA, NA, NA, NA, NA, NA, NA, NA, NA, NA, NA, NA, NA, NA, NA, NA, NA, NA, NA, NA, NA, NA, NA, NA, NA, NA, NA, NA, NA, NA, NA, NA, NA, NA, NA, NA, NA, NA, NA, NA, NA, NA, NA, NA, NA, NA, NA, NA, NA, NA, NA, NA, NA, NA, NA, NA, NA, NA, NA, NA, NA, NA, NA, NA, NA, NA, NA, NA, NA, NA, NA, NA, NA, NA, NA, NA, NA, NA, NA, NA, NA, NA, NA, NA, NA, NA, NA, NA, NA, NA, NA, NA, NA, NA, NA, NA, NA, NA, NA, NA, NA, NA, NA, NA, NA, NA, NA, NA, NA, NA, NA, NA, NA, NA, NA, NA, NA, NA, NA, NA, NA, NA, NA, NA, NA, NA, NA, NA, NA, NA, NA, NA, NA, NA, NA, NA, NA, NA, NA, NA, NA, NA, NA, NA, NA, NA, NA, NA, NA, NA, NA, NA, NA, NA, NA, NA, NA, NA, NA, NA, NA, NA, NA, NA, NA, NA, NA, NA, NA, NA, NA, NA, NA, NA, NA, NA, NA, NA, NA, NA, NA, NA, NA, NA, NA, NA, NA, NA, NA, NA, NA, NA, NA, NA, NA, NA, NA, NA, NA, NA, NA, NA, NA, NA, NA, NA, NA, NA, NA, NA, NA, NA, NA, NA, NA, NA, NA, NA, NA, NA, NA, NA, NA, NA, NA, NA, NA, NA, NA, NA, NA, NA, NA, NA, NA, NA, NA, NA, NA, NA, NA, NA, NA, NA, NA, NA, NA, NA, NA, NA, NA, NA, NA, NA, NA, NA, NA, NA, NA, NA, NA, NA, NA, NA, NA, NA, NA, NA, NA, NA, NA, NA, NA, NA, NA, NA, NA, NA, NA, NA, NA, NA, NA, NA, NA, NA, NA, NA, NA, NA, NA, NA, NA, NA, NA, NA, NA, NA, NA, NA, NA, NA, NA, NA, NA, NA, NA, NA, NA, NA, NA, NA, NA, NA, NA, NA, NA, NA, NA, NA, NA, NA, NA, NA, NA, NA, NA, NA, NA, NA, NA, NA, NA, NA, NA, NA, NA, NA, NA, NA, NA, NA, NA, NA, NA, NA, NA, NA, NA, NA, NA, NA, NA, NA, NA, NA, NA, NA, NA, NA, NA, NA, NA, NA, NA, NA, NA, NA, NA, NA, NA, NA, NA, NA, NA, NA, NA, NA, NA, NA, NA, NA, NA, NA, NA, NA, NA, NA, NA, NA, NA, NA, NA, NA, NA, NA, NA, NA, NA, NA, NA, NA, NA, NA, NA, NA, NA, NA, NA, NA, NA, NA, NA, NA, NA, NA, NA, NA, NA, NA, NA, NA, NA, NA, NA, NA, NA, NA, NA, NA, NA, NA, NA, NA, NA, NA, NA, NA, NA, NA, NA, NA, NA, NA, NA, NA, NA, NA, NA, NA, NA, NA)
"mu" <- c(2.2230938552211, 2.24576657175116, 1.90507998248635, 4.48380809305165, 5.491689479769, 9.2179858440094, 9.05749722847631, 7.21449711993555, 5.36537324200159, 4.99309527643715, 0.468622788135179, 0.648506438993681, 0.535829324094675, -1.47573477839845, -1.06374647583732, -1.6217173592799, 1.25197169734465, 1.3046484067887, 1.24984864290473, -0.843136688463841, -4.32326841221431, -2.04133923757372, -1.94443990425522, -2.34250102198825, -1.10597642916475, 1.15628592688478, 2.92927014531274, 2.41661678773001, 3.3539718116275, 4.46645440833889, 6.4826731759867, 7.7686587610237, 5.4118746533606, 4.61641835971677, 8.04581805265365, 6.49029209786825, 6.20360730550922, 5.86762602540315, 3.4440979060865, 5.53217631713698, 4.01528115203808, 2.1490259616347, 1.3011265774733, -1.35055698360254, -1.78131008938743, -0.0601327045456912, 2.96082067665723, 5.35875122509592, 5.23281078866637, 3.77136657061553, 4.92062101432793, 7.44873607942419, 3.61982203526012, 1.93595071999402, 1.76004659039639, 0.498938418888219, -0.88929009023771, -2.26968461844704, -3.60021690983661, -3.14854324234541, -0.544718080689401, 1.32416332881709, 1.71698929305873, -0.351748453758055, -1.15119654311974, 0.503099193963511, 0.872761397261321, -1.20648021742005, 0.898855692531114, 3.78236713585565, 4.20521719564587, 2.29801767234895, -0.996516749162035, -1.42711808238577, -1.24477632633362, 2.36132320580309, 4.49186023210435, 3.65315829774351, 6.04451633639157, 5.00926089602177, 6.32438338730154, 4.42472159782081, 7.30600567858935, 5.1272785004348, 3.63862692548398, 4.62104132943832, 2.86900628935563, 3.71952418603968, 4.62494289638045, 0.801762394621187, 2.29464622452545, 3.11046085597077, 2.08176571332779, 3.55982270867832, 4.30212902453563, 2.93314816598814, 0.994011252905658, 4.55659502046883, 6.59000851080035, 5.9829029691883, 5.71688452960529, 3.80640700884218, 5.22964900743011, 4.50391781930793, 3.72489312691982, 1.69039344547422, 1.16303408999369, 2.18219499203833, 3.19052360044775, 3.68994609937677, 1.19017852339199, -1.53496409030147, -3.96692778178775, -6.90831576359075, -7.33302823171362, -4.7718063775591, -4.90031592196486, -5.00293305288068, -3.40782833243367, -4.23675999379218, -3.48824846884018, -5.61676771865106, -6.45501851030573, -6.64912853881328, -3.86854424310512, -5.09641462510696, -4.86445301259697, -6.66700925979801, -3.16238256368855, -2.69649177984502, -1.07768317371532, -0.128164952806031, -1.94432912668168, -0.201606339437998, 1.46168965898, -0.760404233753975, 0.588006445899451, -2.36919723178803, 2.21806234151454, 3.45341652876115, 4.32825129057494, 4.87785523082617, 4.11964470449426, 2.3048431685267, 6.09021747591286, 4.95419062847037, 4.3197267953198, 4.14946064223483, 3.50777258319272, 1.027692256957, 2.96444208846786, 5.92757317535325, 6.46218403058401, 6.94213335135208, 6.41825262139923, 4.6426110126109, 2.52712335674924, 0.644276066506669, -0.139790584628343, -0.440914253079129, 1.30192256933728, -0.160417373614435, 1.96472093142757, 1.76681802115549, 3.0457557411693, 5.35779965952112, 6.30785357163222, 3.77275621188954, 2.20918041276517, 3.14796042229664, 3.50856768036151, 4.8905266599641, 3.83630660903568, 0.648522344533395, 0.018511430135579, 1.67150539965883, 0.0529735683113457, -1.22925152590486, -4.39962775916307, -5.8837036579617, -2.42172832139059, 0.915295768628763, 1.73316642839386, 1.64721568621411, 2.07897257957494, 4.63390486663073, 2.76394639585365, -0.672137786261045, -0.732874159765026, -0.555821469365152, 1.59925927313362, 0.924938481653548, 1.69025976115511, 3.09774910737875, 1.68607648873511, 1.20906147377418, 1.78317645416019, 2.9099613479356, 5.66626384896355, 1.52347357965063, 2.10849250424762, 4.17156746187108, 2.82451247868504, 7.7084448251794, 8.55194296166306, 8.7607545657383, 6.47419702967276, 4.13598697336496, 4.05735957011921, 2.79836647784359, 2.92618176081453, 1.44202331402712, 2.0359227924258, 3.54952380565602, 3.33107735425514, 4.72036771134812, 3.17111511135055, 2.18907319633144, 1.66775859500027, 2.01024676441851, 2.73649538885348, 2.90594525075498, 2.34068827341657, 1.31584928444844, 1.81861124643761, 0.456292008287883, 2.03243550388885, 1.62488183408842, 3.10136253582972, 1.86502914473902, 1.69363492797444, -0.934259296303982, -0.863645265472087, -1.28039993920893, -3.52328601939854, -2.71016162720936, -2.76200597452656, -2.59897319932214, -0.65450314355992, -3.19779650423064, -1.28379388880389, -0.418315278757002, -3.27307802826798, -2.21618361030183, -2.72761116494212, -2.07995135853527, 0.690202318887877, 1.95432253504301, -0.376852388591818, -2.30377406130862, -0.342370932761876, -3.08574924492315, 0.887412672073669, 3.35938788362387, 3.64049621348462, 3.75859859860982, 4.61696442824242, 3.14634436273581, 6.29724079055665, 5.88212306965368, 5.02228474579417, 4.1262306929128, 1.43247164469181, 1.00089253877371, -1.26172553172792, -1.16851229115729, -0.579727879053674, -1.43295772528384, -1.21076594132717, -0.161747559780411, -2.88818621036813, -3.34952935794898, -2.47077330270625, 0.362461526529229, -2.52093997046895, -5.92204384453055, -7.51607865875663, -8.69180456131065, -5.11732342653211, -4.07999471973076, -0.755837917403148, -0.397250995799443, -0.943190661405003, -2.51271204393507, -5.35205055625002, -4.11427918135226, -3.95370459270367, -5.6176977473262, -6.03342547263344, -4.87716275677617, -5.24882459256406, -4.88994926047591, -2.99202463741859, -2.05743596928885, -2.54352045268513, -2.12532572358729, -0.595197938859529, -2.17770214487623, -3.27045748273381, -3.4074212462627, -1.46172054786591, 1.68642356231665, 2.87425353651642, 4.40448280888704, 0.599489182504049, 3.99356319221171, 3.24143831154579, 3.88998422594765, 4.33818023575239, 4.44803704391777, 4.99249133829358, 3.05621774042944, 3.44350266272422, 4.48093305557602, 4.40182225801299, 4.50504775425208, 3.78467417916823, 1.61592852073961, 1.6312165897294, 0.565704411283861, 2.46046714461811, 1.37798110780173, 4.2708516065655, 2.74667907354943, 2.8782032974197, 6.36383286300808, 7.41938799464523, 4.38995230317947, 3.88150269064397, 3.31211527860341, 4.25412394347444, 5.20138226941555, 4.79050056589463, 4.6870693600144, 6.13157770799649, 6.80017481641283, 6.46506715706046, 2.97156761038816, 1.81579990648082, 0.956504244767303, -1.5756518303612, -0.947863747721475, -3.70085407782395, -0.596308491254989, 2.16473296460603, 1.26487389392193, 2.76958372120496, 0.726625500245834, -0.105135391393602, -3.91673744015965, -7.04943636691571, -3.24070048886317, -3.51591685717257, -2.71609721272392, -1.22660629948873, -1.74952300007265, 0.0599885295740199, 0.883275200369763, 1.28524468015672, 1.80034280567137, 2.15437940001878, 1.35069177545951, 2.04822060500294, 1.59508779026381, 4.12181266608727, 4.09466931713943, 3.98322155730937, 4.38522294270481, 6.08553890966731, 5.52468198858884, 6.33506776990814, 7.17898343807816, 7.24199288008322, 9.3444949967263, 6.69393135481505, 4.11886284962143, 3.50370417426166, 3.36957230225574, 2.50456865624736, 1.73499623298632, 2.39153141585266, -0.790945283602835, -0.703899999636173, 0.0562836774371502, 0.530716224757844, 2.95329291689387, 0.641414749522132, -0.088397083378273, -3.75693417106888, -4.07336153329815, -3.63404324336488, -5.53508405850704, -7.17863099277787, -5.05911488168095, -4.69855129611937, -5.34575146357694, -4.85875447762762, -4.12931475996539, -4.71319617213469, -1.45680274823606, 0.482364725145223, 1.4935187953631, 1.31844513817238, 1.5497588318047, -0.25115301108744, -1.15546538094275, 0.887292046907973, 2.78072290446664, -2.61355599617394, -1.49111533803156, -1.89291841670031, -5.12235803273937, -3.49114446061445, -2.33896894419405, -1.76763478427459, -0.0372525377835848, 2.92445140062072, 3.49361471350143, 5.29834196908683, 6.91305199991316, 6.3076978593038, 4.92418678469435, 4.80968857732065, 5.46046122620835, 5.82551974046435, 5.28352005977653, 5.60378221104382, 5.46300647472441, 5.64570921734564, 4.52088455732996, 4.47117754995603, 5.93404048703168, 5.20297403284877, 3.56957528293165, 4.61137897385647, 5.03277692605074, 4.28693718794786, 4.62440359397155, 5.66543169783905, 4.08956945836892, 3.16285261117496, 1.6954720377781, 1.20319568351781, 3.45233368162845, 2.93086744324775, 4.11953331986972, 2.54985327944577, 3.6219903153535, 4.79567711275561, 6.0787206900344, 6.83172935067368, 8.21737415723261, 10.3790707845198, 10.662116550506, 8.94750282144794, 9.21656584839106, 9.66551776584615, 8.72017292580617, 6.88093020527662, 1.55755380353492, 0.786479069988701, 0.126454411067271, 0.741777558273968, 2.1835187639545, 3.89739829010609, 1.52332618816714, -1.47908732281356, -1.15441770959091, -1.08652039552762, 1.71142468440252, 3.12447899935552, 0.758694600958972, 1.33521287253705, 2.25228389740953, -1.73025650416708, -0.226786382500599, 0.793459040873018, 2.71305931340774, 0.820200082700465, 0.0588188279652574, 0.764056267993349, 1.64579032927587, 2.15446848577203, 1.87410005161291, 2.2553171387353, 0.455128506103525, 3.26924132425259, 4.4073191279217, 5.33308908767469, 3.32552388279293, 4.11967384185551, 4.54125472553677, 4.45540583749879, 2.55213579257037, 4.90879508698953, 7.62804144948267, 5.70199284099817, 4.53208842576785, 4.38533704436237, 3.88422396862602, 0.593421319150409, 2.10237810085231, 2.41030701366981, 2.6893729026092, 0.76557803448133, 0.217756782798932, 0.912819145334755, 0.104298543270735, -0.839241983074054, 1.03202656362234, -1.54042061675128, -3.08430999492521, 0.617304143436786)
"tau_add" <- 0.360959289915556
"tau_yr" <- 25.2181985458981
"y" <- c(3, 1, 1, 1, 1, 1, 1, 1, 1, 1, 1, 1, 1, 1, 1, 1, 1, 1, 1, 1, 1, 1, 1, 1, NA, NA, NA, NA, NA, NA, NA, NA, NA, NA, NA, NA, NA, NA, 1, 1, 1, 1, 1, 1, 1, 1, 1, 1, 1, 1, 1, 1, 1, 1, 1, 1, 1, 1, 1, 1, 1, 1, 1, 1, 1, 1, 1, 1, 1, 1, 1, 1, 1, 1, NA, NA, NA, NA, NA, NA, NA, NA, NA, NA, NA, NA, NA, 1, NA, NA, 1, NA, 1, NA, 1, 1, 1, 1, 1, 1, 1, 1, 1, 1, 1, 1, 1, 1, 1, 1, 1, 1, 1, 1, 1, 1, 1, 1, 1, 1, 1, 1, 1, 1, 1, 1, 1, 1, NA, 1, 1, NA, NA, 1, NA, 1, NA, NA, NA, NA, NA, NA, NA, NA, NA, NA, NA, 1, NA, 1, NA, 1, NA, 1, 1, NA, 1, 1, 1, 1, 1, 1, 1, 1, 1, 1, 1, 1, 1, 1, 1, 1, 1, 1, 1, 1, 1, 1, 1, 1, 1, 1, 1, NA, 1, 1, NA, 1, NA, 1, NA, 1, 1, NA, NA, NA, 1, NA, NA, NA, NA, NA, NA, NA, NA, NA, NA, NA, NA, NA, NA, NA, NA, 1, 1, 1, 1, 1, 1, 1, 1, 1, 1, 1, 1, 1, 1, 1, 1, 1, 1, 1, 1, 1, 1, 1, 1, 1, 1, 1, 1, NA, NA, NA, NA, NA, NA, 1, NA, NA, NA, NA, NA, NA, NA, NA, NA, NA, NA, NA, NA, NA, NA, NA, NA, NA, 1, 1, 1, 1, 1, 1, 1, 1, 1, 1, 1, 1, 1, 1, 1, 1, 1, 1, NA, 1, 1, 1, 1, 1, NA, 1, 1, NA, NA, 1, NA, NA, NA, NA, NA, NA, NA, NA, NA, NA, NA, NA, NA, NA, NA, NA, NA, NA, NA, NA, NA, NA, 1, NA, 1, 1, 1, 1, 1, 1, 1, 1, 1, 1, 1, 1, 1, 1, 1, 1, 1, 1, 1, 1, 1, 1, 1, 1, 1, 1, 1, 1, NA, 1, NA, 1, NA, 1, NA, NA, NA, NA, NA, NA, NA, 1, NA, NA, NA, NA, NA, NA, NA, NA, NA, NA, 1, NA, 1, NA, 1, NA, 1, NA, 1, 1, 1, 1, 1, 1, 1, 1, 1, 1, 1, 1, 1, 1, 1, 1, 1, 1, 1, 1, 1, 1, 1, 1, 1, 1, 1, 1, 1, 1, 1, 1, 1, NA, NA, NA, NA, NA, NA, 1, NA, 1, NA, NA, 1, NA, 1, NA, 1, NA, 1, NA, 1, NA, 1, NA, NA, 1, NA, 1, NA, 1, NA, 1, NA, 1, 1, 1, 1, 1, 1, 1, 1, 1, 1, 1, 1, 1, 1, 1, 1, 1, 1, 1, 1, 1, 1, 1, 1, 1, 1, 1, 1, 1, 1, NA, NA, NA, 1, NA, NA, 1, NA, 1, NA, NA, NA, 1, NA, NA, NA, NA, NA, 1, NA, NA, NA, NA, 1, NA, 1, NA, 1, 1, 1, 1, 1, 1, 1, 1, 1, 1, 1)
"yr" <- c(0.0688791835321901, 0.243488448256959, 0.0716411571146659, -0.0475349362526218, -0.106451662680184, 0.284556166883169, 0.320411169852627, 0.0255100860025669, 0.129601055256918)
".RNG.name" <- "base::Wichmann-Hill"
}



######################################################################################################
######################################################################################################
#### Data 
######################################################################################################
######################################################################################################

data{
"y" <- c(NA, NA, NA, NA, NA, NA, NA, NA, NA, NA, NA, NA, NA, NA, NA, NA, NA, NA, NA, NA, NA, NA, NA, NA, 0, 2, 34, 10, 40, 103, 664, 2293, 220, 93, 3194, 677, 490, 347, NA, NA, NA, NA, NA, NA, NA, NA, NA, NA, NA, NA, NA, NA, NA, NA, NA, NA, NA, NA, NA, NA, NA, NA, NA, NA, NA, NA, NA, NA, NA, NA, NA, NA, NA, NA, 0, 8, 81, 35, 416, 135, 527, 75, 1553, 169, 37, 90, 15, NA, 106, 2, NA, 28, NA, 32, NA, NA, NA, NA, NA, NA, NA, NA, NA, NA, NA, NA, NA, NA, NA, NA, NA, NA, NA, NA, NA, NA, NA, NA, NA, NA, NA, NA, NA, NA, NA, NA, NA, NA, 0, NA, NA, 2, 1, NA, 5, NA, 2, 0, 11, 30, 78, 114, 50, 10, 460, 139, 79, NA, 37, NA, 14, NA, 645, NA, NA, 107, NA, NA, NA, NA, NA, NA, NA, NA, NA, NA, NA, NA, NA, NA, NA, NA, NA, NA, NA, NA, NA, NA, NA, NA, NA, NA, NA, 4, NA, NA, 14, NA, 0, NA, 7, NA, NA, 21, 2, 3, NA, 10, 272, 9, 8, 69, 15, 2226, 5062, 6269, 668, 70, 57, 21, 7, 2, 6, NA, NA, NA, NA, NA, NA, NA, NA, NA, NA, NA, NA, NA, NA, NA, NA, NA, NA, NA, NA, NA, NA, NA, NA, NA, NA, NA, NA, 0, 0, 0, 0, 0, 1, NA, 0, 0, 1, 0, 0, 30, 22, 32, 119, 24, 580, 337, 149, 65, 8, 2, 0, 0, NA, NA, NA, NA, NA, NA, NA, NA, NA, NA, NA, NA, NA, NA, NA, NA, NA, NA, 0, NA, NA, NA, NA, NA, 0, NA, NA, 0, 0, NA, 0, 0, 0, 0, 0, 7, 20, 72, 1, 43, 16, 40, 70, 96, 166, 22, 39, 96, 80, 91, 46, 3, NA, 4, NA, NA, NA, NA, NA, NA, NA, NA, NA, NA, NA, NA, NA, NA, NA, NA, NA, NA, NA, NA, NA, NA, NA, NA, NA, NA, NA, NA, 0, NA, 0, NA, 0, NA, 0, 0, 0, 3, 3, 3, 9, NA, 10, 11, 51, 76, 61, 77, 411, 224, 595, 1335, NA, 11541, NA, 65, NA, 33, NA, 4, NA, NA, NA, NA, NA, NA, NA, NA, NA, NA, NA, NA, NA, NA, NA, NA, NA, NA, NA, NA, NA, NA, NA, NA, NA, NA, NA, NA, NA, NA, NA, NA, NA, 0, 1, 0, 19, 32, 187, NA, 527, NA, 132, 243, NA, 184, NA, 241, NA, 82, NA, 346, NA, 43, NA, 162, 57, NA, 278, NA, 14, NA, 2, NA, 18, NA, NA, NA, NA, NA, NA, NA, NA, NA, NA, NA, NA, NA, NA, NA, NA, NA, NA, NA, NA, NA, NA, NA, NA, NA, NA, NA, NA, NA, NA, 0, 1, 18, NA, 1, 2, NA, 13, NA, 11, 6, 27, NA, 198, 26, 54, 113, 94, NA, 134, 1994, 297, 109, NA, 54, NA, 9, NA, NA, NA, NA, NA, NA, NA, NA, NA, NA, NA)
"beta.m" <- 0
"beta.v" <- 0.001
"year_no" <- c(1, 1, 1, 1, 1, 1, 1, 1, 1, 1, 1, 1, 1, 1, 1, 1, 1, 1, 1, 1, 1, 1, 1, 1, 1, 1, 1, 1, 1, 1, 1, 1, 1, 1, 1, 1, 1, 1, 1, 1, 1, 1, 1, 1, 1, 1, 1, 1, 1, 1, 1, 1, 2, 2, 2, 2, 2, 2, 2, 2, 2, 2, 2, 2, 2, 2, 2, 2, 2, 2, 2, 2, 2, 2, 2, 2, 2, 2, 2, 2, 2, 2, 2, 2, 2, 2, 2, 2, 2, 2, 2, 2, 2, 2, 2, 2, 2, 2, 2, 2, 2, 2, 2, 2, 2, 2, 2, 2, 3, 3, 3, 3, 3, 3, 3, 3, 3, 3, 3, 3, 3, 3, 3, 3, 3, 3, 3, 3, 3, 3, 3, 3, 3, 3, 3, 3, 3, 3, 3, 3, 3, 3, 3, 3, 3, 3, 3, 3, 3, 3, 3, 3, 3, 3, 3, 3, 3, 3, 3, 3, 3, 3, 3, 3, 3, 3, 3, 3, 3, 4, 4, 4, 4, 4, 4, 4, 4, 4, 4, 4, 4, 4, 4, 4, 4, 4, 4, 4, 4, 4, 4, 4, 4, 4, 4, 4, 4, 4, 4, 4, 4, 4, 4, 4, 4, 4, 4, 4, 4, 4, 4, 4, 4, 4, 4, 4, 4, 4, 4, 4, 4, 4, 4, 4, 4, 5, 5, 5, 5, 5, 5, 5, 5, 5, 5, 5, 5, 5, 5, 5, 5, 5, 5, 5, 5, 5, 5, 5, 5, 5, 5, 5, 5, 5, 5, 5, 5, 5, 5, 5, 5, 5, 5, 5, 5, 5, 5, 5, 5, 5, 5, 5, 5, 5, 5, 5, 5, 5, 6, 6, 6, 6, 6, 6, 6, 6, 6, 6, 6, 6, 6, 6, 6, 6, 6, 6, 6, 6, 6, 6, 6, 6, 6, 6, 6, 6, 6, 6, 6, 6, 6, 6, 6, 6, 6, 6, 6, 6, 6, 6, 6, 6, 6, 6, 6, 6, 6, 6, 6, 6, 6, 6, 7, 7, 7, 7, 7, 7, 7, 7, 7, 7, 7, 7, 7, 7, 7, 7, 7, 7, 7, 7, 7, 7, 7, 7, 7, 7, 7, 7, 7, 7, 7, 7, 7, 7, 7, 7, 7, 7, 7, 7, 7, 7, 7, 7, 7, 7, 7, 7, 7, 7, 7, 7, 7, 7, 7, 7, 7, 7, 7, 7, 8, 8, 8, 8, 8, 8, 8, 8, 8, 8, 8, 8, 8, 8, 8, 8, 8, 8, 8, 8, 8, 8, 8, 8, 8, 8, 8, 8, 8, 8, 8, 8, 8, 8, 8, 8, 8, 8, 8, 8, 8, 8, 8, 8, 8, 8, 8, 8, 8, 8, 8, 8, 8, 8, 8, 8, 8, 8, 8, 8, 8, 8, 8, 8, 9, 9, 9, 9, 9, 9, 9, 9, 9, 9, 9, 9, 9, 9, 9, 9, 9, 9, 9, 9, 9, 9, 9, 9, 9, 9, 9, 9, 9, 9, 9, 9, 9, 9, 9, 9, 9, 9, 9, 9, 9, 9, 9, 9, 9, 9, 9, 9, 9, 9, 9, 9, 9, 9, 9, 9, 9)
"N" <- 513
"x_ic" <- -2.30258509299405
"tau_ic" <- 100
"a_add" <- 0.001
"r_add" <- 0.001


}

######################################################################################################
######################################################################################################
