######################################################################################################
######################################################################################################
#### JAGS model file written by runjags version 2.0.4-2 on 2019-04-25 20:31:29 
######################################################################################################
######################################################################################################

model{
for(i in 1:N){
#this fits the blended model to your observed data. 
y[i] ~ dpois(m[i])
m[i] <- exp(mu[i])
}
#### Process Model
for(i in 2:N){
mu[i]~dnorm(lambda[i],tau_add) #mu's here are on log scale
lambda[i] <- beta[1] + beta[2]*mu[i-1] + beta[3]*DL[i] + beta[4]*DL[i]^2
}
#### Priors
mu[1] ~ dnorm(x_ic,tau_ic) 
tau_add ~ dgamma(a_add,r_add)
beta ~ dmnorm(beta.m,beta.v)
}
#monitor# tau_add, beta, mu

######################################################################################################
######################################################################################################
#### Initial values 
######################################################################################################
######################################################################################################

inits{
".RNG.state" <- c(393, 1843471834, -1677729071, 1066091673, -261062842, -1111910202, 1376350521, -480588078, -472887213, -128190400, -81700310, 908002472, -1576793950, -1697325064, -667328147, 1054595280, 77069980, 117675054, -467230528, 1382033310, 548236046, 811237956, -906646414, -287535859, 394666961, -2102804316, -1465310753, -646161996, -315075687, 1022679865, 1029226029, 415065744, 1920255436, -433168454, -1015787145, 1181784692, 862075645, -1985624943, 1773334502, -1946170137, -805304890, 1697604863, 1404100331, 2127349545, 2085779854, -1743929320, -1888998886, -738188682, 594381939, -1706704898, 1309031211, 831056456, 975120979, -985842005, -800268105, 1234374744, -1708202893, 1413577056, 1771846608, 1073011359, -661426638, -83086202, -1968468014, -382974732, -1452186543, -1525810156, 201785993, 1275578888, 1254684815, 1089980037, -1962896605, 948487984, 1081651490, 669264854, 352077795, 287099606, -1100287663, 1767495657, -1553006091, -509420245, 386584086, 458542316, -1097045062, -2027934107, -2017291407, 557669883, 596335083, 17724749, 671880232, 1858622972, -1034219081, -1918124023, -781294666, -2003708498, 1654349983, 1952475469, -1168574731, -1453537175, -11278169, 2123988832, -986492340, 1630357442, -634824820, 190747342, -222862178, 940347654, -630152213, -1055373410, -433193505, -593248189, 1950092242, 273251339, -1986931787, 1460499380, -958424458, 353100733, -1051476805, -1016083971, -431211457, 1725019637, -1378604497, -35762517, 178553244, 1053827506, -849976575, -1679768372, 524167362, 1748669377, -829780909, 441638674, 2026064093, -325731460, -524890754, 573035759, -92475539, 1582720196, -1656399881, -1545923052, -409914963, 1092409704, 473508490, -1870900860, -366092875, -721274893, 730274432, -1573116069, 419553373, -1390494259, -1059163472, 1689907577, -715396445, 1327833861, 595625956, 247538758, 1049214706, 690093257, -1828541075, -324286779, -72450900, 488197080, 1397689268, 1975654410, -1389656698, 258423188, 588442052, -356613780, -750493165, 1783147071, -851342144, -180625885, -1194129341, 1156626200, -1369368309, -1008480398, 791801298, 685754116, -570886111, -1217505600, 129438428, 871647195, -1512985587, -2061050769, 101100956, 1402135436, -1153912423, -443664927, 1597861245, 34669126, -2058031401, 590502018, -1255273723, 635427663, 837946682, 807747640, 663490059, 1476474576, -964940926, -1090858954, 1528775618, 1365175555, -1480746770, -1683005637, -434582930, -2098182207, -1129132430, 932534257, -684236024, 1488140341, 700479095, -262537914, -2107414763, -1609392674, 1452929463, 954619882, -1513780754, 2101267429, -547429259, 363690085, -1411865306, -980785644, 1156183241, -1185030382, 1089586134, -193775634, -1268932816, 892302260, -1728394548, 2118020861, -826268781, -380079712, 850192806, 1165574442, -1623695013, -204764246, -1646424778, 377212775, 2123187546, 1318039430, -2123096688, -267111064, -1168072450, 2125438616, 965408744, -248915830, 1299736917, -1322562174, -1853758883, 733636910, 1792818968, 83399192, 1965868024, 79643029, -1837613063, -1673899200, 1162631410, -744779230, 1044031468, -1248392760, 1538530636, -1438089492, -1916234192, -795170323, -1053647522, -1176018266, 2034452546, -1751914639, -1416471805, 1780856568, 2093279300, -868497036, 528489444, -1474944760, -1836650612, 690022290, -1644162769, 396467649, -576829814, -1322163011, 1903444881, 1736483883, 1917495614, -1867652388, -806317542, 330674446, -898143162, -1433545896, -2113777770, 1168816344, 1456397480, -494361030, -1614310177, 668767701, -963476692, -1526883874, -84698734, 1773143357, -478901799, -932916645, 334056736, -83328408, -1980827782, 1048430646, -70047826, -994167810, -111224621, 2084975163, 259111953, -1972273531, -1097953898, 1325496709, 1048040127, -935902856, 62626563, 1568821574, -992282481, 1589234120, -1380938051, 440297272, 1139412288, 1810133969, 814368244, 1226724401, 1912748374, -1692111702, -1377611754, 1343273109, -1024982018, 282897488, 461434811, -1460520532, -829720025, -2103782631, -484410063, -1726485590, -1145187510, 1026049477, -1056411868, 2074699570, -1935325074, 67785333, -493548833, -24969496, -604878745, 23264852, -1312699013, -1290336347, -395093991, -250028403, -1532492157, 1686276053, -103456401, 372646174, 1639171136, 822865485, -488651962, -1216298838, -212635747, 1261990761, 1146968256, 929452567, -1498132853, -495693100, -417407839, 309080132, 213758588, -1926988781, -1996392540, 1103265025, 677040965, -625347477, 1728656858, 1185056991, 155693469, -1825886542, 1595765721, -199247946, -8396946, 1343517303, -881129120, -303657717, 869386065, -1713927564, -407103017, -124394241, -537655145, 471629257, 1388002692, -767301503, 1876882751, 1488429865, 1423462538, 1619322736, 60122628, -691308766, 1024984250, -347822783, 834958001, 139816316, -1041791760, -220792623, 2010234824, -1619266073, -821081543, -618194949, -2041917927, -1374985137, -1957039445, 769880491, -233687765, -1384267439, 776616497, -608061980, -1051308371, 1413868642, 364372905, -1941450471, -732122801, -843100255, -1292350330, 513465320, -1831160557, 1854837754, -1278591997, -1100313156, 777141863, -616436375, 1767018110, 36961056, 327468655, 1602817870, -1949178795, 1899410267, 2143265088, -1470722693, 1860030188, -108824431, -129128435, 744260311, 1228062488, 2100117846, 1116991722, -1853596351, -642757105, -2076102888, -1661757044, -1982571566, 1383894458, 102308402, -799821154, -1821293504, -1648093495, -1173423591, -340375653, -408575869, 2129277277, -1401153270, -1551581078, 1462682913, 2003245095, -2023531738, -510185662, 347624151, 1426666762, 134076069, 1332325335, -1904412348, -1100718385, -193705245, -1387670032, -290579296, 1671061898, -1893256643, 2124119135, 1398685073, 1876518071, -1060237570, -849672548, -81150115, 70723077, 1164002132, 990944077, -1095235038, -339464893, 1312708409, 1335627646, 1613600757, -1866267240, -3176580, -8168997, -1772337840, 1952665303, 576755161, 2024440195, 2011344545, 294277271, -1276886711, -2001556551, -1193800466, 608984620, -1075505062, 1351765195, -434317606, -1717418618, -846137274, 1042938214, -1887721414, 1716299881, -1623037338, -1211996290, -603902697, 1278578207, -1095918736, -493284623, 1155817465, -1016971793, -451788728, 1309214291, -1471996036, -1530132515, -1032696755, 835415472, 614639525, -1812316226, -2113200663, 79627545, -1860546879, -843120357, -2000431213, -1619902038, -2056148036, -203211419, -191749519, 50152167, -1480183803, 439204217, 1011236048, 378276449, 695235173, -367784114, 64640737, -641996331, -582993760, 1971183718, -1474496064, 759836140, -230943137, 173429632, -1555615842, -1938178084, 1332311541, 2004976623, 226438075, 648159564, 228085686, 1348844809, 546165291, -661924463, 802141777, 1498616596, -833704285, 1614087749, 1203758966, 2010464418, 1063878032, 1383879413, 1891027153, 1765268681, -586597619, -1263708918, -1373501507, 334949815, 1865846403, -1763418199, 1837475014, 88741196, -776804058, -1908942979, -2032455038, -405167803, -1851586067, 2093324233, -1959825374, 62977516, -1690949023, -1763185399, 1316246133, -53368650, 1305809338, 957105092, 28159289, 277448323, -1813597264, 1789949274, 521650625, -173203312, 1013711262, -673798702, -2049241172, -710789593, 972820113, 888006357, 805441122, -2339955, -977265388, 430284986, 1270834791, -584219297, 562893292, -437450868, -1183669431, 2094529471, -1091064513, 1651343215, -1183112686, -1006199825, 27399450, 1634314254, 1915880139, 1099526047, -1441616612, -795181156, -406978814, -900276943, 1520469844, 2124808081)
"beta" <- c(0.0939869996932694, 0.150488236330798, 0.0173398804080354, 0.00911020172987356)
"mu" <- c(-2.23874334891019, -5.46975305900602, -2.38201472866919, 0.0881761904634997, 3.59296485164141, 4.91290081205234, 9.26452085224167, 2.9477464411397, 0.591277523220478, 6.32531219226163, 1.0027788495718, 0.695939689175673, 4.89771943806443, 0.888334427482629, 3.26494468914861, 3.17900320847933, 2.60237000695975, 2.03625888250828, 11.2407836397473, 5.93404319588794, 4.16616857144016, 1.16244968675805, 3.59703564950345, -0.0307832200306493, -3.53193054718605, 0.96309642961892, 3.77175198966681, 2.14787991854454, 3.70408727779638, 4.55415456416496, 6.57165812634877, 7.72807718797688, 5.32458709860497, 4.50288325825813, 8.09048938231974, 6.5746586566255, 6.15733667057949, 5.72203481444995, 3.66020381193161, 0.544582124734616, 2.31329623403431, 0.123587743401152, 1.24220145793663, 5.69317284100973, -1.06039913532942, -0.485886523498966, -2.3576818843456, -3.58908090193495, 1.58244042587216, 1.54815560453413, 2.48552244283533, 2.98937381607421, 2.82402418522078, 6.51459855031461, -4.29222756004657, -2.68326664617708, 2.64749226172539, 1.27042223736021, 2.50224121293102, 3.30933888249791, 1.75796775630527, 3.5799356512793, 5.52333864446347, -0.2542441681426, 0.752174210305759, 0.774913646477105, 0.958568032821919, 5.08887341358863, -1.75081026609288, 5.79634272174187, 2.352814528739, 5.25471390136537, 4.46711929767769, 4.15976246773131, -1.73874428371679, 2.27925285269435, 4.35058094612734, 3.61356819666997, 6.05199930187045, 4.97087133424689, 6.22537876854695, 4.31354886900285, 7.33503666302383, 5.17153386602523, 3.51347035260629, 4.46735301545292, 2.48928242700527, 2.24938085732723, 4.59333300322581, 1.30846580540647, 2.85431907091711, 3.57777936119762, 2.50014288132701, 3.41071271944834, 4.99835448624786, 3.33410068358774, 6.38822239670831, 2.14142299217965, 1.37569539844679, 0.171693861389058, -4.2596523922539, -0.808331277852845, 2.6524901276817, 5.24369034242844, 2.28738274328148, 7.84480078038339, 2.48711828501073, 6.98804368709714, 4.19991548735731, -5.3356693667339, -1.37165560426622, 2.54759975019071, 0.507182058122907, 1.01977014284595, -2.13989382797622, 2.06684292047148, 2.54414464225378, 4.17951338168213, 0.0162062449633615, 2.19929025015042, 3.10701557482111, 3.63918367477477, 2.5145373141733, 4.6111198909324, 2.55363358745207, 1.37417618950719, 1.81483284923218, 3.17725749823876, -0.636831378635801, 1.94527157342764, 4.66798789405504, 0.84490218189098, -1.58006139502125, 2.73923095097822, 1.88759715058091, -0.460995808605707, 0.401503279577261, 0.676854729598288, 2.17051472480396, 3.51224463265589, 4.41225384464088, 4.72417777184027, 3.84547497478726, 2.45607821590212, 6.17284996382975, 4.96115949976938, 4.32567562028624, 5.09064397536875, 3.5592000142876, 2.53134515780075, 2.90353910713398, 3.44427111590722, 6.45127214807042, 3.33891590236114, 3.77300532330283, 4.64385453826859, 2.1836957025607, 2.83562620947491, 4.71474361745006, -2.20075536102239, -0.566310394855169, 3.97078718113634, 2.95381119825087, 0.975885734439672, 0.542361919782354, -2.995498709165, -0.598665303844574, -0.363353309973217, -2.30089236948478, -0.917383462458534, -0.668557046438743, -2.3739669982259, -1.94264295136569, 1.23610067195965, 2.77543297597274, -0.714695408569783, -5.95171310416306, -1.85376338956064, 2.39415506638125, 0.297749479408665, -1.74156233971707, 4.61569958062532, 4.57209171754048, 1.35769782715565, 2.95677068269314, 4.21063803763235, 2.87045627287245, 2.97699687657719, -2.17652230061007, 0.212830513629796, 1.62409854059851, 4.28534520032607, 5.57892956598475, 2.98277627420804, 1.29994343608578, -0.14900398820166, -2.16983227987139, 2.24597734062013, 5.58900790099045, 2.52235076403421, 1.75827001470059, 4.33804811644736, 2.29582089096568, 7.72666144726492, 8.50936140657848, 8.73230682085801, 6.55639252371819, 4.29768918670842, 4.15009890732618, 3.32874347779719, 2.09487751605499, 1.05551888881594, 2.19530770587836, 5.65061262974338, 3.14467155416987, -0.899255623060109, 0.676204729431266, 1.07636588095924, 1.33436547846806, 4.63812316356673, 1.51906403563883, 0.386979102883836, 5.36845927399569, -1.99323976640988, 2.35339984612047, 4.77754698078867, 0.137153778219677, 7.59783836818048, 8.06933261087758, 5.35435346768316, 6.19234889127316, 5.10868276900203, 3.16683961715433, 4.06700924508426, 0.844312977419434, -1.16341590751474, 1.07319941013713, 3.51166379107925, -1.58725462298887, -2.30793956104416, 2.2187339782212, -3.3158727865043, -3.45706298581556, 0.199213755567689, -2.41771181903239, 0.332643658437236, -0.179575435438328, -2.19760558668196, -2.76569766629486, -2.80963523366132, -0.662132348521826, -1.41280532077442, -2.18612525537658, 3.39902985008066, 3.07716103179777, 3.5882774767759, 4.94350748042955, 3.32498120035094, 6.39124285640843, 5.71021379201237, 5.02962938419278, 4.02846012482176, 1.69008106814898, 0.767564241291857, -3.23164560408089, -1.38277676508164, 4.09400785055433, 5.81946203261473, -0.0336471179094584, 1.27277931567937, 3.90798813560619, 4.16370022569562, 1.68739809908402, 3.21836319931542, 1.11594428477491, -1.0439560024585, -1.03182937274359, 0.826614047166789, 0.833515184116844, 5.0903493998266, 2.25196387094507, 2.1013473329557, 0.950375085590692, 3.43626485077268, -4.11751386111577, -1.99113309977107, 5.18337741652615, 3.7703438428679, 5.2279711708703, 2.68865245484506, -1.73862022435167, 4.12494430558474, 0.960607413569507, 0.168643532673931, 0.718101636258105, -0.35578085113698, -3.09842289921406, -4.23780013498429, 0.809745317669274, -0.509028085854955, -2.10766800310876, 2.02739374200122, 2.86929883634339, 4.14304376820926, 1.29779394987865, 3.50951326293396, 2.72752596248149, 3.58692218651144, 4.23595064036527, 4.63608417310857, 5.08375388611767, 3.30705132356265, 3.42897319905537, 4.39255601963195, 4.28934260212936, 4.43536672109502, 3.6970291173422, 1.52079694675315, 3.41975519196474, 1.4024290319641, -2.92229716194914, -0.490033917406294, 0.639182201216533, 1.55712978349295, 1.13787355742107, 0.506350235803967, 3.74181439181195, 1.03209598592045, 1.77119333696786, -0.721195946563121, 2.84983140761679, 3.76781784203155, 4.96832219528564, 4.79098972745058, 6.54310835543176, -0.880740044764149, 3.83964900010931, -1.67675709876107, 0.648732330801474, 1.43293279007725, 0.457807923958448, 3.73727100377836, 1.20875802762009, -1.64596248622757, 2.1563060642871, 0.115116613595236, 3.89421974980499, 4.96045730931597, -0.172043666414809, 2.07375364667379, -1.66290946402701, 2.73341601639625, -1.32916889616982, 3.09883183114451, -5.69402660617448, -1.05501008161295, 0.800783395368694, 0.773754757077776, 0.783403654532669, 0.265850007746233, 2.25251560614038, 4.6380282966701, 1.76595662050038, 1.97560065453704, 4.12353536430472, 4.31330831993716, 4.12131949118346, 4.1493614030091, 6.0215264274399, 5.43905048145899, 6.47731626211337, 7.15620485212119, -1.4249492454592, 9.3503044367188, 0.750608696773742, 3.97455092173326, 1.38315886292233, 3.38883660334293, 5.61304392544393, 1.8150327391791, -0.965837140062051, 4.2862765493246, 4.38379265388033, 2.5314925872749, 1.84296696806314, 0.251920732666757, 5.97354224132956, -0.449513953570093, 2.25524763295562, -2.01876269101589, -1.10183609539147, 3.62902148624304, -1.56652975889294, 5.59196118991961, -3.22222311475886, 0.161952685776659, -0.0930570498599028, -0.464590383280242, -6.00371017504378, 0.625413810475567, 2.2886547976476, 2.18974015731882, 2.15211398134626, 5.4201347775741, -0.388283548331043, 3.64126266801881, 4.73899569768391, 4.25247246938201, 2.8948593291116, 7.31946731908196, 2.85104987500541, 1.69692069814405, 6.60025994651146, -0.643828445978428, -0.219757354997632, 0.639749724114168, 2.66730730431241, 3.51067606659795, 5.33057054056097, 7.0876487897176, 6.29195703986781, 3.50350377974981, 5.00648370642065, 5.52073126816611, 2.59656478469457, 5.14695858464727, 3.45820064558391, 5.50518624039352, 2.24247162116033, 4.59098861243763, 7.60447990905394, 5.82162711258955, 2.381392993681, 3.8578138409525, -0.1319258823792, 5.02777032213085, 4.01225388598476, 0.632591635964122, 5.57750978364894, 1.26231576916351, 2.45200587178092, 1.57569049600006, 0.786422300636393, 2.60122227372896, 2.92001139018516, -1.387900217909, 1.36081261008085, 2.16594583717177, 2.862712109632, 0.72277671600761, 3.84017586728588, 5.11809803995777, -4.44878415732802, -4.7221778550328, -1.51269965622277, 2.65486341373647, 1.58341946435418, -3.91198524617062, -3.67440693619143, 0.0119256303966724, 2.82711986205968, 0.187889225787539, 2.64738011659709, 1.22930701338568, 5.39171579995504, 2.8941048308119, 1.366070215493, -0.0308214124273443, 0.24769191106251, 7.1718447039303, 1.3494457469896, 4.30472496015542, 1.32333684176761, 1.10797065151515, -3.02222433607564, -2.40687048795866, -0.375578227093094, 2.91566287755589, 3.35701107212777, -0.533820286786655, 1.32274476345576, -1.05775108470281, 2.56709705781549, 1.68452836504729, 2.31867544674836, 2.524599823822, 3.30543758882721, 8.84594044189852, 5.21177167637593, 3.38245757165391, 3.85030252827879, 4.63782575476248, 4.52101794064177, 1.13598926224314, 4.92869531466294, 7.58951128969601, 5.7292746743798, 4.67834955879327, 6.46946804221956, 3.98516515416991, 4.81243326116916, 1.85635903655123, 4.30458180458608, 2.90574364017506, -0.102091005262798, 3.40081271458667, 1.6490152559319, -0.555491687904026, 5.00789347867303, 2.28391417867516, -1.49874037558311, -3.5300046134475, -3.55710785880324)
"tau_add" <- 0.150728552045119
"y" <- c(0, 0, 0, 0, 0, 0, 0, 0, 0, 0, 0, 0, 0, 0, 0, 0, 0, 0, 0, 0, 0, 0, 0, 0, NA, NA, NA, NA, NA, NA, NA, NA, NA, NA, NA, NA, NA, NA, 0, 0, 0, 0, 0, 0, 0, 0, 0, 0, 0, 0, 0, 0, 0, 0, 0, 0, 0, 0, 0, 0, 0, 0, 0, 0, 0, 0, 0, 0, 0, 0, 0, 0, 0, 0, NA, NA, NA, NA, NA, NA, NA, NA, NA, NA, NA, NA, NA, 0, NA, NA, 0, NA, 0, NA, 0, 0, 0, 0, 0, 0, 0, 0, 0, 0, 0, 0, 0, 0, 0, 0, 0, 0, 0, 0, 0, 0, 0, 0, 0, 0, 0, 0, 0, 0, 0, 0, 0, 0, NA, 0, 0, NA, NA, 0, NA, 0, NA, NA, NA, NA, NA, NA, NA, NA, NA, NA, NA, 0, NA, 0, NA, 0, NA, 0, 0, NA, 0, 0, 0, 0, 0, 0, 0, 0, 0, 0, 0, 0, 0, 0, 0, 0, 0, 0, 0, 0, 0, 0, 0, 0, 0, 0, 0, NA, 0, 0, NA, 0, NA, 0, NA, 0, 0, NA, NA, NA, 0, NA, NA, NA, NA, NA, NA, NA, NA, NA, NA, NA, NA, NA, NA, NA, NA, 0, 0, 0, 0, 0, 0, 0, 0, 0, 0, 0, 0, 0, 0, 0, 0, 0, 0, 0, 0, 0, 0, 0, 0, 0, 0, 0, 0, NA, NA, NA, NA, NA, NA, 0, NA, NA, NA, NA, NA, NA, NA, NA, NA, NA, NA, NA, NA, NA, NA, NA, NA, NA, 0, 0, 0, 0, 0, 0, 0, 0, 0, 0, 0, 0, 0, 0, 0, 0, 0, 0, NA, 0, 0, 0, 0, 0, NA, 0, 0, NA, NA, 0, NA, NA, NA, NA, NA, NA, NA, NA, NA, NA, NA, NA, NA, NA, NA, NA, NA, NA, NA, NA, NA, NA, 0, NA, 0, 0, 0, 0, 0, 0, 0, 0, 0, 0, 0, 0, 0, 0, 0, 0, 0, 0, 0, 0, 0, 0, 0, 0, 0, 0, 0, 0, NA, 0, NA, 0, NA, 0, NA, NA, NA, NA, NA, NA, NA, 0, NA, NA, NA, NA, NA, NA, NA, NA, NA, NA, 0, NA, 0, NA, 0, NA, 0, NA, 0, 0, 0, 0, 0, 0, 0, 0, 0, 0, 0, 0, 0, 0, 0, 0, 0, 0, 0, 0, 0, 0, 0, 0, 0, 0, 0, 0, 0, 0, 0, 0, 0, NA, NA, NA, NA, NA, NA, 0, NA, 0, NA, NA, 0, NA, 0, NA, 0, NA, 0, NA, 0, NA, 0, NA, NA, 0, NA, 0, NA, 0, NA, 0, NA, 0, 0, 0, 0, 0, 0, 0, 0, 0, 0, 0, 0, 0, 0, 0, 0, 0, 0, 0, 0, 0, 0, 0, 0, 0, 0, 0, 0, 0, 0, NA, NA, NA, 0, NA, NA, 0, NA, 0, NA, NA, NA, 0, NA, NA, NA, NA, NA, 0, NA, NA, NA, NA, 0, NA, 0, NA, 0, 0, 0, 0, 0, 0, 0, 0, 0, 0, 0)
".RNG.name" <- "base::Mersenne-Twister"
}

inits{
".RNG.state" <- c(28951, 24503, 1588)
"beta" <- c(0.0322326487084448, 0.0510380188648246, 0.0392798798992354, 0.00970260749122136)
"mu" <- c(-2.29490665375564, 1.43047852636202, -0.110077531193884, 3.31969706185042, -2.34647095326876, -6.96146714758867, 2.08603391198049, 1.66507780564368, 2.82434300977312, 2.83435811021439, 3.69664818273156, 3.80516755508689, -2.86139274565476, 3.13409269531091, 2.07390250051094, 1.64101226401757, -1.68705461996818, -0.493223156275339, 5.03938854956578, 1.10710363994827, 2.40030254121283, 4.31917531855341, 1.86878505754545, 2.67200270064752, -0.3549522460283, 0.92167905417345, 3.38630723496296, 2.22271897925471, 3.60670813919593, 4.72555929129052, 6.39173348563065, 7.72164609428523, 5.41686855237065, 4.49794498125802, 8.04721165760832, 6.5367733964255, 6.21976801123257, 5.82752067157652, 5.44625317372026, 1.36612472007369, 0.673930730169458, -0.349247967774543, -1.6636176135354, 8.62949504127969, 0.916105027081906, 0.630190757857781, -2.54387323182361, 0.580743984901216, -1.42166101503842, -2.37983645190709, 3.34934769968059, 2.35645528869375, -3.50872095649099, -1.65798216460447, -1.26049078373929, 6.0302922732049, -3.57307353265335, 1.05160564483318, 4.44663863542861, -0.031370312922173, 2.85454222150725, 3.07346906220901, 1.7438445866568, 1.24994059147942, 0.104962285568995, 0.620087787113722, 5.50006258917144, 2.0170703046658, 3.97228720659756, 4.50582346565825, 4.44695714494793, 8.59302593422476, 2.01878454783609, 1.65512907291382, -1.84720361198285, 1.68656617828186, 4.21285892927755, 3.82555442356051, 6.10303552597511, 4.86125082785911, 6.21302199318679, 4.41937090201485, 7.36635200004999, 5.1268589791614, 3.67915088429104, 4.38880733027011, 2.72176944196509, 5.01835247559786, 4.84569023360531, 0.573263212167428, -0.523454838375782, 3.37031893560874, 4.95992153847172, 3.58230681872752, -0.581564926950489, -4.13401101656128, 1.84102368022651, 2.40048300289487, 3.36368586852011, 1.89670852238027, 4.82781252558902, 2.56124331493894, -1.99258736160946, 2.86925402469276, 0.310995084337855, 2.56408297598206, -3.70948018916174, 4.00039227399613, 4.33978069295867, -0.491386408224386, 0.596974993516669, -3.01160698782752, 3.54059213371596, 3.38918315269478, 4.20192848521822, 1.80257189815514, -3.26264993502127, 3.76763373178028, -1.17615787340421, -1.92485850336484, 2.12449573829192, 5.40757671190292, 7.44544755404902, 0.000188200561402674, 9.80346557344582, 7.14329558627727, -0.856060594898878, 1.42855181401607, -3.62548781121523, 7.8235780794884, 0.115433637123354, 0.0514795679450654, 0.853652462760665, 2.8626917314925, 1.83506968682159, 5.17299013823597, -1.16677223918336, -0.661655220239971, 2.20381218299775, 3.56812388554402, 4.36922324064825, 4.75614976540365, 4.03710134200566, 1.97244338612509, 6.00585261557676, 4.90230884880225, 4.26985561864883, 2.23351859278829, 3.57292952318449, 2.2587327783851, 2.78234953243718, 3.16729053961159, 6.43748833511505, 4.59281793906242, 1.26798732322314, 4.50172259186276, 0.958869738020871, 2.22659356721905, 1.45078897039122, 4.02740483928932, 1.51768712680622, 2.01165035082936, -3.34063496410615, 0.769169431377858, 5.42636130484517, 0.269170130533556, -1.25136113371919, 4.61777840646661, 1.71457457833968, -0.463310583677432, 2.72706434300447, 0.892824395858163, 0.447025220682623, -1.82898790514436, 3.33597644038588, 0.313362268152367, 6.09482639474137, -4.2917152050102, 0.892463923213964, 3.57105417917498, 0.366859980550082, 3.92689855102157, 1.91237219828452, 1.45664494018393, 5.50875189787116, 3.33153084762846, 2.07400392060164, 4.07132277269338, -1.30965783413095, 2.38325937808329, 1.98826701372441, -1.28112947393191, -0.433323275467308, 2.8794866979082, 0.415385476857476, 0.959953495749934, 3.04041294379443, 2.40799589266021, 5.70769061065835, 1.61338063034484, 1.79251278625422, 4.20482849327403, 2.33480064402028, 7.7177969706969, 8.53758152170759, 8.73122180254902, 6.47374319800227, 4.37337856934874, 4.01503520556792, 2.97913830223175, 2.36399335403749, 1.11778250769025, 1.68935332696074, 5.55010069676687, 1.46106760575802, -0.00282466003916548, 5.76278875931211, 4.16417364801057, 4.88254747495489, 6.74115298230859, 1.43450673928227, 0.346947262323034, 3.57045455218414, -1.81148774909308, 6.43583262034702, 3.25037457926438, -3.68063822995625, 4.22529295595708, 2.5813449245911, 1.60532546509218, -0.251028338170118, 2.06311923461629, 1.18366374137743, 3.09721252485988, 0.614889000145735, 3.04915294177263, -3.33043773343437, -1.07440230085208, -2.72746367647078, 2.75734978372426, 1.1325916615528, -1.42739449761095, -1.15162849349036, -0.879382443215735, -1.51330318150115, -5.50360861923099, 0.321388549822162, -0.64636715427784, -3.09928245056966, -1.15804005961488, 1.58504675626389, -0.25899650348038, -2.77479446784521, 3.25375867579144, 3.27411849998943, 3.71850069171975, 4.90452573574817, 2.90877111276433, 6.33754474034809, 5.79546235037246, 4.90443986447509, 4.17557153987184, 2.20282371844251, 0.32263348076722, -1.28553924930183, -0.853430672950506, -1.92311939068878, 1.66330273426809, 2.27069381841367, 3.51024826425723, -0.0787979551357689, 0.977262466718521, -0.831489215654897, -1.50362319505551, -3.34468763005698, 6.56642822293265, 1.4482988475323, -0.983840773594199, -0.33733447920271, 2.61875966155889, 0.0628390425255951, 1.49821116545992, 5.88747309520761, 0.440879525392859, -2.81959357172214, 1.53329131399618, 1.06556119030866, 3.34145627140267, 0.607063483075632, 1.17488668456265, -1.06536139855388, -2.78654621737569, 4.46261789469265, -3.1591473000235, -0.0546932692147601, 0.38848657169522, 0.141764152866998, 1.10129374959111, -1.89067711537924, -4.68029088575774, 0.444171176706075, 0.56762311756998, 3.50175345366207, 4.10690162794897, -0.183911803329658, 3.81728196429867, 2.6851005119363, 3.50263043126446, 4.26908028158866, 4.74676212199709, 5.14079077261723, 2.78554330619896, 3.6779081750226, 4.53141317382478, 4.38275633071373, 4.61576206740447, 3.88704855296515, 1.04742014233359, 2.33867611913428, 1.61137425402925, 3.00848771124107, 6.6744294408691, 2.10095390258409, 1.56803787347499, 5.78170966196292, 1.76042825145585, 0.749828720016297, 2.13279353787562, 4.04914875568147, -0.693550412816676, 3.16428614181358, 0.858584794464846, 6.59134737652614, 2.5428223805442, 1.07280612559235, -2.36624564512489, 2.03099554592111, 2.65238102718896, 1.15263728119085, -1.90482624178933, 5.89447646423139, 1.68653848005805, 1.06409765939036, 2.17040390229778, 0.859366234683123, 0.194185703484137, 3.85364032872042, 3.69018602004164, -2.43575599494641, 1.57461738669221, -0.0889440652684708, 2.00005170655228, -2.36994511295251, 0.771903073740907, -1.38884933974826, -2.89270025765385, 0.0675305826746904, 0.800489051212482, 1.39519462055446, 0.644521504544778, 2.78877595860232, 7.56557071007206, 2.31835663210819, 2.14877473830421, 4.06786639648963, 4.40004497335913, 4.24069393323488, 4.34799711103879, 6.02665611609405, 5.39083710028854, 6.44703712495835, 7.24119157524029, 6.89802970070638, 9.35398521559594, -0.968163963741237, 3.96333023868564, 3.32168660937032, 3.61294607304856, 1.91212646500151, 0.455052178844385, 0.414096154589622, 1.36304478556833, 9.64026787074369, -0.232273968771104, 5.90010671538582, 4.05445581284682, -0.353376458116277, -2.77007248840587, 1.24656626944837, 2.88122900781377, 2.34703934314438, 1.70744288016095, -0.693916579567947, 6.51073119648693, 2.83070336622654, 1.91178823521891, 1.73656249639249, 4.07922780227416, 7.15664595911481, 9.13460666138017, 4.81775972167591, -2.48371382559558, -3.57538716405118, 0.913681416858897, 6.07945127301212, 4.25530763305799, -1.16430449856006, 0.770489940816296, 1.77931882814841, 2.06779501044605, 3.02675571224428, 2.98521335248324, 1.28549247323821, 0.286615698686336, 0.549829538848336, -3.63643086269055, 2.89808824428704, 3.23560855117062, 5.3112374794781, 5.2607871088812, 6.21969771094415, 5.39252092092522, 4.91216494693944, 5.53183897376736, 3.66932007884482, 5.16830726806024, 2.71640550998525, 5.40789604373852, 0.717678974658277, 4.60671349947835, 0.726921841299634, 5.90996781032262, 3.14116718267768, 3.68511765528631, 1.13991200163449, 5.13135224471963, 4.15736195226497, 5.08699538395543, 5.62258318185748, 1.12436210622855, 2.84547438840158, 2.57404058591001, 1.12542814367475, -0.468235775249963, 2.60473205073352, 0.370659298939311, 9.87485396706429, 6.28420188024045, 5.23395571147359, 1.29879887952881, -0.575332902222449, 4.73833711769491, 2.37255064251583, -3.98806269964117, -1.32585211517983, -0.761938567177372, 4.2616429268341, 0.667485967108676, -1.02188079069997, 3.01498788290329, 3.25457660909963, 0.462883812409846, 10.6574017204053, -1.10790618551111, 2.79934080108589, 3.11818392014518, 1.70578118562659, 3.38330157402827, 4.44499857988901, -3.64015459381929, 2.80253013430203, -1.54562003635892, 4.49809302413142, 3.03167951398601, 0.477762789166743, -0.417889027147281, -0.597176718988812, 2.72864031998042, 2.98866863956072, 0.414082124392128, 0.491655916656261, 7.04027194107067, 2.26491666365076, 0.383387194737992, 2.38704158795077, 1.72827153249997, 3.4029855449398, 3.12265854020673, 5.31134647353845, 3.22395908392025, 4.20710046573509, 4.86027617553423, 4.57769296206864, 2.90126602197824, 4.92876242474548, 7.54916235901132, 5.52937938769852, 4.47918655630919, -0.172157713374443, 4.25477759214651, 0.772983860768687, 1.77919681648541, 3.7339526509045, 5.50161698359803, 2.93058844228798, 0.589830562042975, 5.80857904251671, 1.25435764886933, 9.0194466618199, 1.55842449654668, -1.33029586355017, 3.22490245345109, 4.23696335205999)
"tau_add" <- 0.110624166342987
"y" <- c(0, 1, 1, 1, 1, 1, 1, 1, 1, 1, 1, 1, 1, 1, 1, 1, 1, 1, 1, 1, 1, 1, 1, 1, NA, NA, NA, NA, NA, NA, NA, NA, NA, NA, NA, NA, NA, NA, 1, 1, 1, 1, 1, 1, 1, 1, 1, 1, 1, 1, 1, 1, 1, 1, 1, 1, 1, 1, 1, 1, 1, 1, 1, 1, 1, 1, 1, 1, 1, 1, 1, 1, 1, 1, NA, NA, NA, NA, NA, NA, NA, NA, NA, NA, NA, NA, NA, 1, NA, NA, 1, NA, 1, NA, 1, 1, 1, 1, 1, 1, 1, 1, 1, 1, 1, 1, 1, 1, 1, 1, 1, 1, 1, 1, 1, 1, 1, 1, 1, 1, 1, 1, 1, 1, 1, 1, 1, 1, NA, 1, 1, NA, NA, 1, NA, 1, NA, NA, NA, NA, NA, NA, NA, NA, NA, NA, NA, 1, NA, 1, NA, 1, NA, 1, 1, NA, 1, 1, 1, 1, 1, 1, 1, 1, 1, 1, 1, 1, 1, 1, 1, 1, 1, 1, 1, 1, 1, 1, 1, 1, 1, 1, 1, NA, 1, 1, NA, 1, NA, 1, NA, 1, 1, NA, NA, NA, 1, NA, NA, NA, NA, NA, NA, NA, NA, NA, NA, NA, NA, NA, NA, NA, NA, 1, 1, 1, 1, 1, 1, 1, 1, 1, 1, 1, 1, 1, 1, 1, 1, 1, 1, 1, 1, 1, 1, 1, 1, 1, 1, 1, 1, NA, NA, NA, NA, NA, NA, 1, NA, NA, NA, NA, NA, NA, NA, NA, NA, NA, NA, NA, NA, NA, NA, NA, NA, NA, 1, 1, 1, 1, 1, 1, 1, 1, 1, 1, 1, 1, 1, 1, 1, 1, 1, 1, NA, 1, 1, 1, 1, 1, NA, 1, 1, NA, NA, 1, NA, NA, NA, NA, NA, NA, NA, NA, NA, NA, NA, NA, NA, NA, NA, NA, NA, NA, NA, NA, NA, NA, 1, NA, 1, 1, 1, 1, 1, 1, 1, 1, 1, 1, 1, 1, 1, 1, 1, 1, 1, 1, 1, 1, 1, 1, 1, 1, 1, 1, 1, 1, NA, 1, NA, 1, NA, 1, NA, NA, NA, NA, NA, NA, NA, 1, NA, NA, NA, NA, NA, NA, NA, NA, NA, NA, 1, NA, 1, NA, 1, NA, 1, NA, 1, 1, 1, 1, 1, 1, 1, 1, 1, 1, 1, 1, 1, 1, 1, 1, 1, 1, 1, 1, 1, 1, 1, 1, 1, 1, 1, 1, 1, 1, 1, 1, 1, NA, NA, NA, NA, NA, NA, 1, NA, 1, NA, NA, 1, NA, 1, NA, 1, NA, 1, NA, 1, NA, 1, NA, NA, 1, NA, 1, NA, 1, NA, 1, NA, 1, 1, 1, 1, 1, 1, 1, 1, 1, 1, 1, 1, 1, 1, 1, 1, 1, 1, 1, 1, 1, 1, 1, 1, 1, 1, 1, 1, 1, 1, NA, NA, NA, 1, NA, NA, 1, NA, 1, NA, NA, NA, 1, NA, NA, NA, NA, NA, 1, NA, NA, NA, NA, 1, NA, 1, NA, 1, 1, 1, 1, 1, 1, 1, 1, 1, 1, 1)
".RNG.name" <- "base::Wichmann-Hill"
}

inits{
".RNG.state" <- c(1157416100, 939265568)
"beta" <- c(0.0539094523941376, 0.124696609676625, 0.000107685120838594, 0.0115023910986215)
"mu" <- c(-2.21411696569676, 1.29587674532955, 3.64033051682061, 5.40682675338256, 2.27614768440813, 5.12285737752894, 5.5634776187701, 2.69204025456566, 0.323942622133849, -1.02832869945609, 1.07650448415713, 0.878311759181946, 0.894063038844679, 3.05111522986821, -0.0545162711910541, 4.7848531715558, -3.01901185043901, -0.256412169108086, 6.20907544919149, 1.14187659569649, 7.37563857316824, 5.30952449644334, 4.86213784061212, 2.88900975437292, -4.36606460118936, 0.484062785214844, 3.59662005033917, 2.70779975568392, 3.55978781522786, 4.54446202511382, 6.49186415491864, 7.73416168304614, 5.36743851058784, 4.47891079161045, 8.07707685865224, 6.56502963916891, 6.12044598340549, 5.85379527075389, 3.69076998893914, 6.04342653828036, 1.25673155402286, -1.72665261608434, 5.20279587560629, 0.709973493073905, 1.1712025190564, 1.38276596587438, 3.11289308731297, -1.22023962404904, 2.20049745512734, 1.53268476456705, -1.51012293590371, 3.19083849692897, -1.20808019557401, 0.154416537033658, 0.592046489172116, 2.7288802513575, 1.0692542988518, 0.485885057448986, 0.205768459787432, 1.37079370901919, 10.5039946800647, 5.55873438481966, 0.303460003395336, 3.34303562559977, 1.90005191921801, 0.802683346064638, 6.38136292231075, -0.0763247120732768, 0.74381118143989, 3.50729044716011, 3.81381545731847, 1.68269258727167, 4.5945475902728, 0.357868977708972, 0.0362602623427923, 1.98272733724588, 4.28426431845904, 3.64155720113682, 6.08243393789647, 4.93702508761887, 6.30445415726046, 4.4198475010369, 7.33530825242893, 5.05091107073103, 3.64436451476979, 4.41458908140291, 2.59139819782735, 7.42901867003589, 4.54717225095632, 1.31990957999077, -0.0287474897745419, 3.16934830057295, 2.11019150343501, 3.14067498945286, 1.85216473336897, 2.32595937410808, -1.89463190563068, 0.796602999943729, -1.92818145079803, 1.98604346057346, -0.23876602051112, 3.02063239489341, 2.34637938213482, 0.984424750338179, 0.968237536216886, 1.55068233755817, 6.45450149512572, 3.16206584490388, -0.96973642825892, 2.66567861993462, 1.74800595275166, 2.90454592578275, 1.69622226820925, 3.09962107392138, -1.96430393400075, 3.34179396202922, 5.2471196474747, 2.26816548662179, 1.36440922044743, 6.07390580804232, 0.544704763193467, 7.25682702731358, 5.50053512245886, 5.20597782222773, 1.28447623063655, 2.36142376859495, 6.81711269918958, 1.9055288472693, -2.84679753181522, 3.76570921040444, -0.431015654266028, 1.0957555147509, -0.0551898436693834, 2.34363500434017, 1.11495770549927, 6.16840816549568, 1.14734823456339, -0.569243933754689, 2.06095754932261, 3.19391828239565, 4.26558761603882, 4.5255842770839, 3.97021177906709, 2.18843929725401, 6.06633395500884, 4.97461433095478, 4.31254185809818, 4.59277202227435, 3.5422567228656, 4.60135072546357, 2.47998591885328, 6.6044336703203, 6.4759805596785, 3.73392960311405, 1.03154922604723, 4.57920791742696, 3.9541299022576, 4.29970566190618, 2.25171491336695, 0.108947377093887, -2.14554819754238, -3.86550487453514, 3.4411250402658, -0.0721432538744917, 1.31309842632294, 1.84210839405816, 1.17867929165997, -3.33680328008837, 1.89162387226962, -3.12026531442389, 2.29870009166188, 6.42113035085862, 2.59932097714012, -0.849622089820503, 3.86612817177287, 3.38947788542155, 3.24948437767605, 3.26925008790158, 6.43674308181538, -1.894627404513, 1.87279263833231, 8.80688524105222, 2.41502110423545, 0.700720285302693, -3.76940031830666, 1.36471795995154, 2.65044451169181, 3.92400643096656, -0.335716909227287, 7.29803835338327, 2.2735883974991, 3.84416975910459, 11.42599277952, 3.17977766887347, 1.21577759794999, 1.71927009067405, 6.4451593300489, 2.18522886113672, 5.61145954948948, 2.70530247035151, 2.01113268111902, 4.25546381500161, 2.90040196321603, 7.72108708852515, 8.55109032884966, 8.76254250303457, 6.40121078256316, 4.26887637476741, 4.25578241923849, 2.94306703695132, 1.66827518342211, 1.04358964689621, 1.7162403784499, -0.614292026536173, 5.48572945629328, 2.36771077692516, 3.37726235493941, 2.42177808739407, 1.3951038120677, 0.177136000616506, 1.95991104277696, -0.8893164152483, 4.82196748118341, 4.32237978883998, -1.74000917231715, 2.06027229845688, 3.1650022086463, 1.38155200237106, 0.452017461798472, 1.32216299435049, 2.13730026115145, -0.752714484340962, 1.66243941438511, 1.09021025481884, 2.50670588019228, 2.96670419142341, 0.653357343654962, 5.70265629288557, 3.11054298753664, 4.33228283980694, -3.82247482333179, -2.97745360054638, -1.24067329764067, -0.670883169558811, -1.75210103631295, -2.30792491870905, 0.0727464133642448, 4.14708597584422, -0.219999753142083, -2.86825400026178, -0.766957357433746, -0.49466649676563, -2.01902594353943, 3.270736156193, 2.85540243100966, 3.23541571661288, 4.80069343935882, 3.24432636729602, 6.32000095057329, 5.85099066530492, 5.0371828309936, 3.9566466430371, 1.46681613047547, 0.139540128252554, -2.71483243434478, -1.2106098257784, 1.08630114573799, 1.04976161229812, 0.274570678939453, 2.46469541015498, 4.63230698596952, 3.66374258953866, 2.05440688043123, 0.829847899091392, 0.901858607695827, 1.59677988544909, 1.13214986566461, 1.84722570668713, 2.57614608938295, -5.54162431284828, 1.17083282822676, 3.29768561925495, 1.58110825251112, 1.2358337976728, -1.32079461594725, 3.39017534538528, -0.059507442320113, 0.0695404567207818, -1.30238549860738, 3.05759412247713, -1.39251199039701, 3.1329787333441, -1.22522505239112, 0.392592395136714, -0.57341719863478, 0.404922120344564, -0.340080375119513, -2.27509159018232, -2.28539292511636, -0.509336068965507, -0.346032735160325, 2.25338244255427, 2.83663968911874, 4.2293807958401, 0.203185123358741, 3.79664179460687, 3.01283433235229, 3.82855307156155, 4.29076643541307, 4.65842286074844, 5.06686164989092, 3.04349718377896, 3.60677845426443, 4.55239407517803, 4.42186451358375, 4.44277867309698, 3.66399386553166, 0.787699824067422, 2.77763061464315, 1.19845117348497, 2.53683129307721, -1.87791240561005, 1.80911723989279, 0.0906422353327168, 3.06111739029535, 3.05069043921483, -0.0482524879702999, -1.29338438180021, 7.08137742885976, 0.932973895575363, -0.25282290835604, 4.97122918029639, 3.35278636854274, 0.651038579672559, 0.48274563711378, -1.94161733893075, 0.543537287604291, 1.72248857254814, 0.835095523929169, 2.05110560604493, 2.15249752433928, 1.78749523743412, 3.59935468652346, 0.57425646101863, 10.1046552436753, -0.510243654903461, 1.73323783730746, 2.48544419237394, -2.89091714677974, 2.73367442340335, 0.72961475886928, 0.057589153603423, 0.740757100645846, 3.07775532758787, -0.322946006648296, -2.66785089388491, -1.6335239062087, 1.23174527132434, 1.79851016990634, 0.709733927764812, 2.09709393684152, 2.98092604121578, 2.06284721113508, 2.04582883969422, 3.87675186674597, 4.17876571801356, 4.36158105308642, 4.44610967709896, 6.01434048768711, 5.49128056830189, 6.38952600011287, 7.25963292161179, 3.19110805998883, 9.35904221849341, 1.45959567392608, 4.21798078620657, 1.35487210888624, 3.42244341271604, 2.29210282139607, 1.55144494442644, 3.47198711625417, 3.75848765335649, 4.14539746702927, -1.68875054519093, -2.21182878478937, -4.91185244673756, 1.19579824936288, 4.12162649904649, 4.33847748209835, -1.28891516928783, 0.130272971947351, 4.22247864695213, 4.65096541155394, 0.119881487238386, 1.4691015011485, 2.04231719916894, 2.94353521259353, 1.36177311805828, 2.1508356753181, 1.71499400702026, 0.572305827485689, -1.73546593261338, 4.25397007071557, 5.28313772307978, -0.548450249001774, 5.19355610741887, 0.568464206389351, 2.08184296202931, 1.82524275411279, 2.47820094489019, 4.70863833543294, 2.84018726862396, 3.27044553265284, -3.13989702242162, -0.275598077480354, -0.328301249143363, 2.78337990475551, 3.52831392041191, 5.22159818961143, 10.6509060866343, 6.2219258414242, 1.54784214602644, 4.79924729969116, 5.48103295417129, 5.21405802874854, 5.15472049429652, 2.57916363544867, 5.50430665433877, 1.10280672691237, 4.50390217432874, 8.6564398510263, 5.82824711990841, 4.93329300741856, 3.95265004008284, -2.6106265300118, 5.14712429001837, 4.17183553140541, 2.34318984877905, 5.61720480270142, 1.27276094293818, 2.42810278942334, 0.646503016659263, 0.215729381654891, 3.8199634979228, 2.29552679205768, 0.631666062262195, 2.98645213035721, -1.55462232688924, -0.265994751012702, 3.04901736095387, -0.827705739806907, 2.50007143462404, 1.80718186059608, -0.93717008453938, 0.191288544323832, 4.01913922715839, 3.79515878806745, -2.25242754345223, -0.145293385365897, 1.06904438140824, 2.96151584429352, 0.556153251312801, 2.94477645960983, -1.37350875528835, 0.716983018229667, 2.78022247094798, -0.577164596740482, 2.29993704336211, 3.28800365409409, 3.08247387793779, 3.77922146675253, 2.55075595530714, 4.30156552472611, 1.96382171591084, 1.36260796938768, -0.35805417251103, -1.0437409049002, 2.66563710469212, -0.677108670955196, 0.966993625244482, -0.235834090056208, 0.672902092497875, 2.65488516269722, 1.02972753783933, 2.17027396506559, 2.22285047148203, 3.33574109378708, 5.10843121456755, 5.26759289569424, 3.46285118223263, 3.97787410543829, 4.79851352613581, 4.70981639376847, 3.56827814623735, 4.96785364528052, 7.56913293493683, 5.69426914899328, 4.69614955036143, 5.59711996514134, 3.95784880345329, -0.392253618332224, 2.57451779856301, -0.744028348601087, 2.38584642289249, 2.86940486213217, -0.504275394471888, -5.38323173381388, 3.50551723470142, 1.40190291539204, 0.368336321389601, 3.46199930385108, 1.83762162422174, 2.96189602397014)
"tau_add" <- 0.151295336031989
"y" <- c(0, 1.07262206732175e+20, 2.23245569298152e+31, 1.0342539129033e+38, 3.42168867548338e+42, 1.37130563303348e+46, 2.60574747539748e+49, 4.43830629139952e+52, 8.95913115305357e+55, 2.3836116168504e+59, 8.56451749732639e+62, 4.09832298506779e+66, 2.52743195583342e+70, 1.92072002153436e+74, 1.70005875428547e+78, 1.63218715748299e+82, 1.55203065898196e+86, 1.301360264731e+90, 8.3125516223296e+93, 3.38227557458652e+97, 7.10648646993904e+100, 6.10659335559327e+103, 1.68579441208288e+106, 1.19072613332882e+108, NA, NA, NA, NA, NA, NA, NA, NA, NA, NA, NA, NA, NA, NA, 7.93146304658061e+71, 1.36327916912794e+68, 2.96671640915819e+64, 8.61909327785885e+60, 3.53566628303525e+57, 2.18088708234419e+54, 2.17529138636849e+51, 3.81549166017285e+48, 1.29357311392944e+46, 9.39003922805981e+43, 1.62023303268572e+42, 7.33599195693167e+40, 9.47848464609523e+39, 3.70988049430601e+39, 4.71827965316301e+39, 1.86430862965057e+40, 2.19326970611573e+41, 7.16788154881513e+42, 5.95633535945814e+44, 1.14004171196217e+47, 4.54288844832701e+49, 3.42110668523222e+52, 4.45655985715666e+55, 9.28544174719807e+58, 2.88949035096022e+62, 1.26393021115129e+66, 7.34785460161017e+69, 5.36870478454324e+73, 4.63860290002149e+77, 4.41030307836984e+81, 4.22004340825168e+85, 3.6294610394719e+89, 2.43394884807032e+93, 1.0689825041174e+97, 2.50263771983425e+100, 2.47981214925595e+103, NA, NA, NA, NA, NA, NA, NA, NA, NA, NA, NA, NA, NA, 2.38875098698676e+86, NA, NA, 1.50403055086786e+78, NA, 9.53679278328328e+73, NA, 1.18298916884003e+70, 3.02741395225682e+67, 2.48611899941649e+64, 1.36691236123748e+61, 7.48100024902305e+57, 5.14150466396119e+54, 5.18910015847253e+51, 8.71394147344822e+48, 2.73003762307633e+46, 1.78505997693871e+44, 2.7191360733749e+42, 1.06952213029985e+41, 1.18609558702343e+40, 3.95519634509964e+39, 3.76991496557987e+39, 1.10196799396412e+40, 9.64282841247259e+40, 2.38488094112835e+42, 1.53663369290042e+44, 2.34426858356364e+46, 7.65781155044017e+48, 4.85506861990497e+51, 5.45461758335412e+54, 1.00123448228252e+58, 2.79646380263842e+61, 1.11636497180116e+65, 6.01716161333069e+68, 4.14283250793686e+72, 3.43511936354799e+76, 3.20423339459626e+80, 3.0923744509712e+84, 2.7781917054061e+88, 2.03334022473932e+92, 1.0278814176715e+96, NA, 3.27781990711982e+100, 1.27579302532705e+103, NA, NA, 7.24993976003903e+107, NA, 4.75459198613821e+109, NA, NA, NA, NA, NA, NA, NA, NA, NA, NA, NA, 3.76302350919725e+83, NA, 1.69234655024918e+79, NA, 1.61831689487568e+75, NA, 2.89659675239473e+71, 4.99586678881996e+68, NA, 1.98292977085357e+64, 3.70771567883838e+61, 3.52693283534779e+58, 2.98094973098542e+55, 3.07447987700677e+52, 4.74291668144145e+49, 1.2746148267126e+47, 6.79991083504085e+44, 8.11944100296713e+42, 2.42265958079773e+41, 1.98709780179089e+40, 4.81986583987639e+39, 3.61115097361584e+39, 8.91519313152088e+39, 6.65776834214386e+40, 1.42258825106567e+42, 8.02990768598384e+43, 1.08912628192328e+46, 3.20977587508078e+48, 1.86152570506512e+51, 1.93719499878106e+54, 3.33013235976103e+57, 8.7947463752376e+60, 3.34818950718183e+64, 1.73473763492451e+68, 1.15732414959891e+72, 9.38111793651449e+75, NA, 8.35183930883259e+83, 7.63724228984343e+87, NA, 7.81147042176165e+92, NA, 1.88882905724818e+99, NA, 4.24096715687122e+103, 4.27243390712842e+105, NA, NA, NA, 4.33286191139495e+109, NA, NA, NA, NA, NA, NA, NA, NA, NA, NA, NA, NA, NA, NA, NA, NA, 8.70504430718431e+62, 2.91101050818655e+59, 1.41059637580535e+56, 1.05894420209792e+53, 1.33068211143484e+50, 3.05845372545463e+47, 1.41866238283644e+45, 1.47370000797075e+43, 3.8010569264552e+41, 2.67314520401776e+40, 5.52268372014559e+39, 3.51330817915348e+39, 7.3499139584387e+39, 4.68776447514275e+40, 8.64771180507419e+41, 4.26991719679632e+43, 5.13952668225136e+45, 1.3639177231983e+48, 7.2225689589216e+50, 6.95041342809075e+53, 1.11732567840518e+57, 2.78657672267961e+60, 1.01051311186958e+64, 5.02710291375645e+67, 3.24596893176639e+71, 2.56870810961505e+75, 2.33478772866118e+79, 2.25322668520109e+83, NA, NA, NA, NA, NA, NA, 6.59932432803022e+106, NA, NA, NA, NA, NA, NA, NA, NA, NA, NA, NA, NA, NA, NA, NA, NA, NA, NA, 2.80500198643939e+63, 8.94001066749309e+59, 4.09266354666368e+56, 2.8732517833689e+53, 3.33709213772979e+50, 6.99526750735537e+47, 2.91663112048779e+45, 2.68286913659501e+43, 6.04005007213848e+41, 3.66190691862009e+40, 6.46268431710768e+39, 3.49527268093254e+39, 6.19640577008375e+39, 3.3723735694546e+40, 5.36304670593021e+41, 2.31209806783619e+43, 2.46469018394913e+45, 5.87778869803337e+47, NA, 2.51992017010093e+53, 3.78253359838206e+56, 8.89674956413461e+59, 3.06954281587467e+63, 1.4645838431918e+67, NA, 7.05362859357464e+74, 6.31351905352262e+78, NA, NA, 2.10113175155872e+87, NA, NA, NA, NA, NA, NA, NA, NA, NA, NA, NA, NA, NA, NA, NA, NA, NA, NA, NA, NA, NA, NA, 4.02336682791656e+67, NA, 7.80491038790327e+62, 8.10260142598977e+59, 6.48314498629357e+56, 5.79461853332646e+53, 7.26501632747475e+50, 1.50269490099493e+48, 5.86453818590981e+45, 4.87974852602296e+43, 9.70072027221531e+41, 5.10268519821354e+40, 7.71940860201852e+39, 3.55502982778801e+39, 4.61875943072808e+39, 1.84454239755645e+40, 2.18161171081853e+41, 7.14880626896414e+42, 5.94840453247336e+44, 1.13928247959463e+47, 4.54137548509315e+49, 3.42053695520035e+52, 4.45618875771539e+55, 9.28505513801029e+58, 2.88943019686803e+62, 1.26391705466585e+66, 7.34781635895161e+69, 5.36869081353783e+73, 4.6385968644893e+77, 4.41030020908596e+81, NA, 2.98225174894052e+87, NA, 7.05697035058763e+93, NA, 5.33197913617158e+98, NA, NA, NA, NA, NA, NA, NA, 2.7919634393789e+109, NA, NA, NA, NA, NA, NA, NA, NA, NA, NA, 2.39775512937175e+78, NA, 1.07161649271872e+74, NA, 1.21797964116547e+70, NA, 2.0832767159522e+66, NA, 4.87423349745708e+62, 1.91396009904239e+60, 2.79934079730692e+57, 3.14512771958498e+54, 4.05850494523191e+51, 7.70640185385069e+48, 2.56736217641664e+46, 1.73105978012881e+44, 2.67769167341782e+42, 1.06134013762916e+41, 1.18154997880531e+40, 3.94761009668778e+39, 4.25678498265385e+39, 1.43219064852287e+40, 1.44654455048414e+41, 4.10547697195802e+42, 3.00316647707219e+44, 5.13376450741018e+46, 1.85345975936641e+49, 1.28166260635981e+52, 1.55164739086377e+55, 3.03648600703577e+58, 8.95736415915281e+61, 3.74519064266844e+65, 2.09762420063262e+69, 1.4886652506287e+73, 1.26091381162963e+77, 1.18849588250583e+81, 1.14337309149686e+85, 1.00645536244598e+89, 7.06326151122762e+92, 3.3350089060562e+96, 8.65944747066772e+99, NA, NA, NA, NA, NA, NA, 3.64372180940348e+109, NA, 2.50569126214459e+108, NA, NA, 1.27341443951574e+104, NA, 9.93943282844493e+100, NA, 4.02515862648348e+97, NA, 1.26680265136319e+94, NA, 1.56021323189058e+90, NA, 1.81215014993478e+86, NA, NA, 4.50336534536392e+78, NA, 3.25013608573457e+74, NA, 4.12881123894026e+68, NA, 1.91740622080733e+64, NA, 3.77173023030112e+60, 6.63350277635156e+57, 7.89016752109011e+54, 1.00517583450103e+52, 1.80690388980509e+49, 5.53773874040456e+46, 3.35947098972245e+44, 4.58953766550914e+42, 1.58182374925577e+41, 1.51285414710382e+40, 4.30839383394583e+39, 3.93464204368792e+39, 1.12578593328625e+40, 9.74648137797982e+40, 2.39766449465073e+42, 1.5407465576853e+44, 2.34740375390083e+46, 7.66293052906371e+48, 4.85669107043866e+51, 5.4555289101744e+54, 1.00131811909684e+58, 2.7965805996463e+61, 1.11638828459434e+65, 6.01722444050035e+68, 4.14285413626034e+72, 3.43512833031665e+76, 3.20423757663531e+80, 3.09237646899285e+84, 2.77819261190192e+88, 2.03334055646829e+92, NA, NA, NA, 1.76873901124406e+105, NA, NA, 1.5865587191151e+109, NA, 1.18056888886899e+110, NA, NA, NA, 2.97882463067075e+105, NA, NA, NA, NA, NA, 3.11664896549161e+87, NA, NA, NA, NA, 4.86119776426821e+69, NA, 8.58687447303179e+64, NA, 5.39707624282812e+60, 1.34562254311562e+58, 1.84127088031746e+55, 2.4163128922461e+52, 4.20471199289509e+49, 1.200119092926e+47, 6.59820656442064e+44, 7.99811188724331e+42, 2.40449050288329e+41, 1.97963251833383e+40, 4.81080349697673e+39)
".RNG.name" <- "base::Marsaglia-Multicarry"
}



######################################################################################################
######################################################################################################
#### Data 
######################################################################################################
######################################################################################################

data{
"y" <- c(NA, NA, NA, NA, NA, NA, NA, NA, NA, NA, NA, NA, NA, NA, NA, NA, NA, NA, NA, NA, NA, NA, NA, NA, 0, 2, 34, 10, 40, 103, 664, 2293, 220, 93, 3194, 677, 490, 347, NA, NA, NA, NA, NA, NA, NA, NA, NA, NA, NA, NA, NA, NA, NA, NA, NA, NA, NA, NA, NA, NA, NA, NA, NA, NA, NA, NA, NA, NA, NA, NA, NA, NA, NA, NA, 0, 8, 81, 35, 416, 135, 527, 75, 1553, 169, 37, 90, 15, NA, 106, 2, NA, 28, NA, 32, NA, NA, NA, NA, NA, NA, NA, NA, NA, NA, NA, NA, NA, NA, NA, NA, NA, NA, NA, NA, NA, NA, NA, NA, NA, NA, NA, NA, NA, NA, NA, NA, NA, NA, 0, NA, NA, 2, 1, NA, 5, NA, 2, 0, 11, 30, 78, 114, 50, 10, 460, 139, 79, NA, 37, NA, 14, NA, 645, NA, NA, 107, NA, NA, NA, NA, NA, NA, NA, NA, NA, NA, NA, NA, NA, NA, NA, NA, NA, NA, NA, NA, NA, NA, NA, NA, NA, NA, NA, 4, NA, NA, 14, NA, 0, NA, 7, NA, NA, 21, 2, 3, NA, 10, 272, 9, 8, 69, 15, 2226, 5062, 6269, 668, 70, 57, 21, 7, 2, 6, NA, NA, NA, NA, NA, NA, NA, NA, NA, NA, NA, NA, NA, NA, NA, NA, NA, NA, NA, NA, NA, NA, NA, NA, NA, NA, NA, NA, 0, 0, 0, 0, 0, 1, NA, 0, 0, 1, 0, 0, 30, 22, 32, 119, 24, 580, 337, 149, 65, 8, 2, 0, 0, NA, NA, NA, NA, NA, NA, NA, NA, NA, NA, NA, NA, NA, NA, NA, NA, NA, NA, 0, NA, NA, NA, NA, NA, 0, NA, NA, 0, 0, NA, 0, 0, 0, 0, 0, 7, 20, 72, 1, 43, 16, 40, 70, 96, 166, 22, 39, 96, 80, 91, 46, 3, NA, 4, NA, NA, NA, NA, NA, NA, NA, NA, NA, NA, NA, NA, NA, NA, NA, NA, NA, NA, NA, NA, NA, NA, NA, NA, NA, NA, NA, NA, 0, NA, 0, NA, 0, NA, 0, 0, 0, 3, 3, 3, 9, NA, 10, 11, 51, 76, 61, 77, 411, 224, 595, 1335, NA, 11541, NA, 65, NA, 33, NA, 4, NA, NA, NA, NA, NA, NA, NA, NA, NA, NA, NA, NA, NA, NA, NA, NA, NA, NA, NA, NA, NA, NA, NA, NA, NA, NA, NA, NA, NA, NA, NA, NA, NA, 0, 1, 0, 19, 32, 187, NA, 527, NA, 132, 243, NA, 184, NA, 241, NA, 82, NA, 346, NA, 43, NA, 162, 57, NA, 278, NA, 14, NA, 2, NA, 18, NA, NA, NA, NA, NA, NA, NA, NA, NA, NA, NA, NA, NA, NA, NA, NA, NA, NA, NA, NA, NA, NA, NA, NA, NA, NA, NA, NA, NA, NA, 0, 1, 18, NA, 1, 2, NA, 13, NA, 11, 6, 27, NA, 198, 26, 54, 113, 94, NA, 134, 1994, 297, 109, NA, 54, NA, 9, NA, NA, NA, NA, NA, NA, NA, NA, NA, NA, NA)
"beta.m" <- c(0, 0, 0, 0)
"beta.v" <- structure(c(1000, 0, 0, 0, 0, 1000, 0, 0, 0, 0, 1000, 0, 0, 0, 0, 1000), .Dim = c(4, 4))
"DL" <- c(9.04639396776126, 9.18484389005796, 9.37393903663257, 9.60596792083088, 9.87282518680457, 10.166801163487, 10.4810792128282, 10.8099516452298, 11.1488200716385, 11.4940577476072, 11.8427982975085, 12.192694136299, 12.5416688548512, 12.8876746956829, 13.2284596048564, 13.5613476255042, 13.8830409090629, 14.1894606679479, 14.4756566495377, 14.7358270282906, 14.9634967506416, 15.1518928578593, 15.2945205656484, 15.3858820954228, 15.4222074304446, 15.402018259481, 15.3263622411177, 15.1986443980824, 15.0241087862236, 14.8091230421457, 14.5604469343753, 14.2846262644989, 13.9875818244015, 13.6743978417653, 13.349274966449, 13.0155998113089, 12.6760873640848, 12.3329644405228, 11.9881750150525, 11.6435982901914, 11.3012763775108, 10.9636499089302, 10.6337962374669, 10.3156553848762, 10.0142131423996, 9.73559014529008, 9.48696605832167, 9.27626178128934, 9.11152845880219, 9.00006572738778, 8.94740651222685, 8.95641546778499, 9.03114407971294, 9.16179719889981, 9.34410841686964, 9.57050077468599, 9.83287060627162, 10.12341418437, 10.4351680807931, 10.7622619959145, 11.0999450677412, 11.4444635324039, 11.7928568137088, 12.1427183997409, 12.491948174674, 12.8385088053485, 13.1801912373806, 13.5143928340621, 13.8379154932902, 14.1467995330271, 14.4362210687535, 14.7004932138493, 14.9332189720827, 15.1276370643759, 15.2771711961011, 15.3761348753234, 15.4204708317832, 15.4083499872704, 15.3404600584198, 15.2198942040957, 15.0516749722145, 14.8420557269521, 14.5977813540427, 14.3254582393278, 14.0311138065254, 13.719958000401, 13.4898408040286, 13.3963156387955, 13.0636821996845, 12.7735495995141, 12.7248580800766, 12.4312515040551, 12.3821276362244, 12.0867478240245, 12.0374621422875, 11.6927363241537, 11.3499547517347, 11.011486499349, 10.6803035958609, 10.3602101628902, 10.0560342598647, 9.77373434078614, 9.52035182323167, 9.30373207231247, 9.13195619405088, 9.01249249108802, 8.95118725198993, 8.95132938426371, 9.00420397894082, 9.11889451551153, 9.28717196087738, 9.50179124101337, 9.75470395939148, 10.0379522323244, 10.3442949835485, 10.6675384596671, 11.002619357827, 11.3455173249019, 11.6930686709063, 12.042733809562, 12.3923502538164, 12.7398871173935, 13.0832076864612, 13.4198434574471, 13.7467853835619, 14.0603052794113, 14.3558314617693, 14.6279155551425, 14.6645162495817, 14.8703371715488, 15.0763916633555, 15.1024637991715, 15.2393831279041, 15.3532939261784, 15.4083323931586, 15.4135305077768, 15.4175815089021, 15.365408971586, 15.2594533653071, 15.1042509154612, 14.9057802922791, 14.6707171715547, 14.405761486518, 14.1171389245209, 13.810306529702, 13.4898408040286, 13.2546820281156, 13.15946316745, 12.9190870630494, 12.8221558039875, 12.5783321725195, 12.4803305755533, 12.2837673445562, 12.1360265969461, 11.7911234794501, 11.594505609785, 11.4475650729058, 11.1075919937919, 10.7739798369443, 10.4502730619125, 10.1409914522942, 9.85176714849507, 9.58934908590165, 9.36139765832748, 9.17600211036449, 9.04090531784251, 8.96252096727437, 8.94494841371903, 8.98926370350848, 9.0990783883372, 9.26011273435306, 9.46859647072372, 9.71653621491808, 9.99591578291847, 10.299364846084, 10.6205299673116, 10.9541885778685, 11.2961811037102, 11.64323506684, 11.9927367414612, 12.3424849350601, 12.6904447245093, 13.0345086559697, 13.3722689034507, 13.7008054805944, 14.0165021556058, 14.0603052794113, 14.314912379119, 14.5907103579921, 14.8377730506021, 14.9929725977947, 15.0494395797012, 15.2189751872422, 15.2393831279041, 15.3402199101239, 15.3945022336577, 15.4083323931586, 15.4204719010203, 15.3762371840089, 15.2777298361676, 15.1292221963771, 14.9365323602849, 14.706280766709, 14.4451990975216, 14.1596035159914, 13.855071542357, 13.5363065797802, 13.207146755705, 12.8706704313033, 12.5293593282369, 12.1852930375104, 11.8403604785873, 11.4964822771428, 11.155842139431, 10.8211246390877, 10.4957507614155, 10.1840903602112, 9.89161249988343, 9.62491339986438, 9.39154580520575, 9.19957869550518, 9.05686144658912, 8.97006076942069, 8.94365954607832, 8.97919146831745, 9.08037774545579, 9.23402341419373, 9.43620690224137, 9.67900895472645, 9.95436879565869, 10.2547943368233, 10.5737746500691, 10.9059263891312, 11.2469470763471, 11.5934507291534, 11.9427444291464, 12.2925832414554, 12.6409233280421, 12.9856818378454, 13.3245072817823, 13.6545649404847, 13.9723477407097, 14.2735331901177, 14.552919669331, 14.8044867255117, 15.0216267474294, 15.1975795090023, 15.3260581741414, 15.3402199101239, 15.4019878214512, 15.4222075369022, 15.3859541078757, 15.2949832918486, 15.1532904770771, 14.966517715589, 14.7412159159071, 14.4841376975531, 14.2016831387095, 13.8995475483776, 13.5825614934983, 13.2546820281156, 12.9190870630494, 12.5783321725195, 12.2345417483178, 11.8896185585657, 11.5454647298166, 11.2042119239358, 10.8684585336954, 10.5415064701454, 10.2275788268173, 9.93198229376532, 9.66115701982263, 9.42253917086935, 9.22416233815737, 9.07396242083324, 8.9788382400098, 8.9436401364583, 8.97035356532125, 9.062810572877, 9.20892646190902, 9.40464646233209, 9.64214512267695, 9.9133316585542, 10.2106005752234, 10.5272863114304, 10.8578436602267, 11.1978237874663, 11.5437225848754, 11.8927629082163, 12.2426510288894, 12.5913292888244, 12.9367347470523, 13.2765678555499, 13.3245072817823, 13.6080752686149, 13.9278560962089, 14.2317105267012, 14.5145622618864, 14.7704981069821, 14.9929725977947, 15.1752129460143, 15.3108207709274, 15.3945022336577, 15.4227863696666, 15.3945505467817, 15.3111988292849, 15.1764372536955, 14.9957164645562, 14.7755032008992, 14.5225596307717, 14.2433625819525, 13.9437219614149, 13.6285954040639, 13.3020608852897, 12.9673991122771, 12.627243438708, 12.2837673445562, 11.9388919591213, 11.594505609785, 11.5454647298166, 11.2526927657729, 10.9159705011345, 10.587526153966, 10.2714394681128, 9.9728559052356, 9.69805687015526, 9.45435388589258, 9.24973089107592, 9.09219084542334, 8.98884357076248, 8.94488973643621, 8.96275899401517, 9.03114407971294, 9.16179719889981, 9.34410841686964, 9.57050077468599, 9.83287060627162, 10.12341418437, 10.4351680807931, 10.7622619959145, 11.0999450677412, 11.4444635324039, 11.7928568137088, 12.1427183997409, 12.491948174674, 12.8385088053485, 13.1801912373806, 13.5143928340621, 13.7924927925363, 13.8379154932902, 14.1467995330271, 14.4362210687535, 14.6279155551425, 14.7004932138493, 14.9332189720827, 15.1276370643759, 15.2771711961011, 15.3761348753234, 15.4204708317832, 15.4083499872704, 15.3534795919349, 15.3404600584198, 15.2198942040957, 15.0516749722145, 14.8420557269521, 14.5977813540427, 14.3254582393278, 14.0311138065254, 13.719958000401, 13.3963156387955, 13.0636821996845, 12.7735495995141, 12.7248580800766, 12.4312515040551, 12.3821276362244, 12.0867478240245, 12.0374621422875, 11.741913430484, 11.6927363241537, 11.3987201468652, 11.3499547517347, 11.011486499349, 10.6803035958609, 10.3602101628902, 10.0560342598647, 9.77373434078614, 9.52035182323167, 9.30373207231247, 9.13195619405088, 9.01249249108802, 8.95118725198993, 8.95132938426371, 9.01707605426471, 9.13980731262614, 9.31517824591881, 9.53576729568493, 9.79348953452601, 10.0804581972459, 10.3895681130618, 10.7147867734745, 11.0512082331689, 11.3949474706485, 11.7429447860232, 12.092729666547, 12.4421733109037, 12.7892440197465, 13.1317711992906, 13.4672213874418, 13.7924927925363, 14.1037426755715, 14.3962734618126, 14.6645162495817, 14.9021591334367, 15.1024637991715, 15.2587870311804, 15.3652690199832, 15.4175777673269, 15.4135394783367, 15.365408971586, 15.3534795919349, 15.2594533653071, 15.2401694340792, 15.0783954680112, 14.9057802922791, 14.8742814394331, 14.6707171715547, 14.6345443611152, 14.405761486518, 14.3658421996765, 14.1596035159914, 14.0743042011179, 13.810306529702, 13.7652647299281, 13.4898408040286, 13.4431739871694, 13.1116391122564, 12.8221558039875, 12.7735495995141, 12.4803305755533, 12.4312515040551, 12.0867478240245, 11.741913430484, 11.6927363241537, 11.3987201468652, 11.3499547517347, 11.0594703766124, 10.727035546051, 10.4050878716866, 10.0982999700335, 9.81246728173151, 9.55448738981391, 9.3321185252216, 9.15345424119151, 9.02611050394398, 8.95622737852828, 8.94750580058354, 9.00420397894082, 9.11889451551153, 9.28717196087738, 9.50179124101337, 9.75470395939148, 10.0379522323244, 10.3442949835485, 10.6675384596671, 11.002619357827, 11.3455173249019, 11.6930686709063, 12.042733809562, 12.3923502538164, 12.7398871173935, 13.0832076864612, 13.4198434574471, 13.7467853835619, 14.0603052794113, 14.3558314617693, 14.6279155551425, 14.8703371715488, 15.0763916633555, 15.2393831279041, 15.2587870311804, 15.3532939261784, 15.4135305077768, 15.4175777673269, 15.4175815089021, 15.365408971586, 15.2594533653071, 15.1042509154612, 14.9057802922791, 14.6707171715547, 14.405761486518, 14.1171389245209, 13.810306529702, 13.5825614934983, 13.4898408040286, 13.15946316745, 12.8221558039875, 12.4803305755533, 12.1360265969461, 11.7911234794501, 11.741913430484, 11.4475650729058, 11.2526927657729, 11.1075919937919, 10.7739798369443, 10.4502730619125, 10.1409914522942, 9.85176714849507, 9.58934908590165, 9.36139765832748, 9.17600211036449, 9.04090531784251, 8.96252096727437, 8.94494841371903)
"N" <- 513
"x_ic" <- -2.30258509299405
"tau_ic" <- 100
"a_add" <- 0.001
"r_add" <- 0.001


}

######################################################################################################
######################################################################################################
