######################################################################################################
######################################################################################################
#### JAGS model file written by runjags version 2.0.4-2 on 2019-02-25 12:22:14 
######################################################################################################
######################################################################################################

model{
for(i in 1:N){
#this fits the blended model to your observed data. 
y[i] ~ dpois(m[i])
#This blends the poisson and zero inflation models
m[i] <- exp(mu[i])*b[i] + 1E-10 #only when comparing them to the data, we need to exponentiate
#this is the bernoulli outcome of the zero inflation
b[i] ~ dbern(theta)
}
#### Process Model
for(i in 2:N){
mu[i]~dnorm(mu[i-1],tau_add) #mu's here are on log scale
}
#### Priors
mu[1] ~ dnorm(x_ic,tau_ic) 
tau_add ~ dgamma(a_add,r_add)
theta~ dbeta(alpha, epsilon)
}
#monitor# tau_add, mu, theta

######################################################################################################
######################################################################################################
#### Initial values 
######################################################################################################
######################################################################################################

inits{
".RNG.state" <- c(-1788772129, -1313210537)
"b" <- c(1, 1, 1, 1, 1, 1, 1, 1, 1, 1, 1, 1, 1, 1, 0, 1, 1, 1, 1, 1, 1, 1, 1, 1, 1, 1, 1, 1, 1, 1, 1, 1, 1, 1, 1, 1, 1, 1, 1, 1, 1, 1, 1, 1, 1, 1, 1, 1, 1, 1, 1, 1, 1, 1, 1, 1, 1, 1, 1, 1, 1, 1, 1, 1, 1, 1, 1, 1, 1, 1, 1, 1, 1, 1, 1, 1, 1, 1, 1, 1, 1, 1, 1, 1, 1, 1, 1, 1, 1, 1, 1, 1, 1, 1, 1, 1, 1, 1, 1, 1, 1, 1, 1, 1, 1, 1, 1, 1, 1, 1, 1, 1, 1, 1, 1, 1, 1, 1, 1, 1, 1, 1, 1, 1, 1, 0, 1, 1, 1, 1, 1, 1, 1, 1, 1, 1, 1, 1, 1, 1, 1, 1, 1, 1, 1, 1, 1, 1, 1, 0, 1, 1, 1, 1, 1, 1, 1, 1, 1, 1, 1, 1, 1, 1, 1, 1, 1, 1, 1)
"mu" <- c(-2.3145826109661, 0.548612823473027, 3.42819608019802, 2.37711035686356, 3.63336321532754, 4.82390865375304, 6.54780432506419, 7.73866974399084, 5.4089658770173, 4.7537957072358, 8.08445750879925, 6.54227289194147, 6.25152163608773, 5.78605727106027, 3.5679457254461, 1.53698603807836, 4.4238229624025, 3.49969274526609, 6.03538620219804, 4.98737207423705, 6.22890813159633, 4.40989706233857, 7.32400908683525, 5.16646653856161, 3.63349657016959, 4.43678706667771, 2.9913358826031, 4.58118346566795, 1.41922811745203, 3.2322970348966, 3.23757196497733, -0.430156622778576, 0.555037646383113, -0.299977602264953, 2.06259303951558, 0.704148483126571, -0.349064458694048, 1.92632583376049, 3.7246387506194, 4.5978269114043, 4.56141781103547, 3.93400462212351, 2.56345402637798, 6.11462322666633, 4.8986274566917, 4.31648316434469, 3.49064014427774, 2.85434472696855, 6.50820004152211, 4.78689098964147, 1.04702092730477, 2.29642661371934, 0.593675441406374, 2.06065125116254, 2.66047743339761, 0.993839248336496, 1.0188952150652, 2.73072362856942, 5.65521594094291, 1.94504982996997, 2.20429800337698, 4.24913868758586, 2.60513847377041, 7.71151886063594, 8.52973685880992, 8.740989397036, 6.54605069046718, 4.37862225516551, 4.04411873008941, 2.66204957418439, 2.05889818211133, -0.358384694879693, 1.60978663589049, -1.3047754698337, -1.46290438701803, -2.86430552182056, -4.64877456773314, -2.86719981829465, 0.146837073590887, -0.930429256138981, -0.829965990922803, 0.308964875253068, -2.55826146062921, -0.985701210871825, 3.30805562351213, 3.25420963450336, 3.26987811864927, 4.76914903750982, 3.36707359463868, 6.37460933860022, 5.73892326390955, 5.07788814039385, 4.35155372429899, 1.6117769891647, 0.56307624141117, -2.17485797034925, -1.55833169626697, -5.51551990042741, -5.37662157545433, -8.04890854513474, -8.89701127095724, -5.6734831449105, -2.90000041449573, -4.41249377884417, -4.39765123762658, -3.55665711687581, -2.25562574587826, 1.20913476827904, 2.60636635987102, 4.36540196882524, -0.221517380060062, 3.80561859751815, 2.86627060752232, 3.47576251318861, 4.23233079809336, 4.43023179219965, 4.94645751972783, 2.78715590912071, 3.63389962119658, 4.50863922794195, 4.18773840906834, 4.51373954508782, 3.909662572534, -0.25352022459553, 0.847726971915511, -1.66851995619501, -2.95923168778339, -3.99515800213804, -2.8634461801373, -3.99013941621747, -2.00951692431269, 0.42201963778541, 0.351625508383345, 1.35792600014329, 2.36153880124392, 1.92610390727067, 1.21225155943254, 4.00305662370995, 4.20691332830651, 4.24241577401279, 4.36444051701145, 6.11365492222552, 5.37819413064615, 6.34745321034288, 7.18846970257544, 9.35237978721818, 4.29899724407574, 3.2344717289039, 1.57527421888487, 2.83336879842065, -0.634910145700892, -0.735469371217397, 3.08735928382349, 3.67163726404228, 5.13112355592391, 6.22364554686544, 5.05103925473218, 5.37302384529507, 5.23428138079984, 5.4170826482741, 4.57151744496027, 5.80328161520168, 4.09844314579639, 5.16842285911948, 4.11575789111842, 5.62099184782957, 2.58910505872343, 0.61931844158344, 3.04641587249503)
"tau_add" <- 0.289328051794227
"theta" <- 0.956038028123202
".RNG.name" <- "base::Super-Duper"
}

inits{
".RNG.state" <- c(567, 1862521728, 277220338, -526621726, -1184266944, 1538534523, 1097749291, -1873883999, -1776325262, -1690534506, -1948975011, -1823675791, -1789470989, 48933979, 810912459, -435430953, -2049180788, -275833178, 1141070825, 794122938, 528441021, -945336692, -481856792, 43590743, -1799056426, -1092632436, -259094812, 1117871063, -1246541717, -2042961795, -1278378689, -818689043, 280487038, -561496074, 816425825, -726722495, 839311434, 633650769, 1117552182, -1111047873, 1258131110, -38696275, -1820438434, -1124645332, 1486223688, -257807924, -2134252807, 2131768457, -1625105395, -936827817, -1055333932, -1463613464, 550522194, 144141010, -1730273791, 1246774690, -2060762333, -774263423, 343570411, 1174550547, 853980665, -1378380985, -611324654, 207733704, 1304594990, -1918532777, 1017114761, -914101618, 1628245580, -1756332206, 322201960, 1913661586, 1257814673, -728168914, 1693041462, 940444961, -50602830, 785453082, 174355943, 285362200, -943665133, 1898452716, -990793104, 293373806, -1487785712, -656487190, -1675928162, 207254883, 523731730, 402366070, 514221143, 678038674, 90563248, 1864248274, -733041188, -817201515, -901884711, 1619911161, -1912939911, 1676246616, 2022694925, -586866944, 788166290, 472242226, -862253885, 1461570025, 200230712, -1945591640, 1970041338, 738725139, -161725059, -2055277574, -1594365900, -809812886, 144981644, 796615944, 126321737, -815451766, -996583044, 617901981, -203122682, -290927559, 1880812636, 1309310454, 1739792986, -1125586470, -1053521280, 1109295943, -1915486775, -1160494215, -1616060613, -895295666, 1701258433, 1082455868, -35760889, 1466106580, 1024308841, -1707715135, -1650036115, -375898909, -600783652, 1175398213, 1506441615, -1632334828, 1095221738, -1846510753, 616003817, -1363243726, 373710583, 157060908, 2052328131, 699997890, -1905355766, 316156388, -363768988, 790682045, -1780624852, -1008467225, 1341992485, 691368945, -462457892, 205275169, -1117994474, -1817427361, 1964427568, 8740372, -1375197942, 1888143837, -1720327630, -1543750928, -202648659, -1517415059, -206981171, -1566438410, -1646813905, -1022635391, -1406262143, -176067589, -506683071, 812734531, -158030442, 1613588499, 17234660, 1747688252, -1330568566, -108682984, -2121783965, 1567180375, -719195570, -1839521728, -1618667422, -1791447795, -598917126, -494124175, 2126372189, -689618738, -1616944076, -826068058, -1099177669, 1057136793, -1554950956, 1929715149, -1182947254, 1833868142, 1598125973, 1201111056, -1078442910, 91164606, 1581866977, -1826080820, -2015204365, -1056026375, -1478743947, -728973930, 1926216475, -2124254654, 1967630488, -872509954, 137797751, -1883481364, 2136647170, 20298814, 1978152816, -632930853, 637279379, -1748949483, 1489070354, 1233617049, -1423165627, 339390438, 1964536497, -985975768, -726813365, -1669935726, -1199869226, -1709710190, 1399895939, -1808986138, 1059004086, 310174385, 1920213952, -796957461, -1341561794, 758674769, -876065030, 393590942, 597710538, -732208403, 2052834814, -794184195, 1938810694, -637734515, -1039818255, -177297960, -74238570, -1424052008, 462135838, -1563489953, 257599231, 187236148, 1269192565, 1852958987, 826405343, 83348495, 1228138139, 758201591, 1832021952, 1693145601, -295818787, -1814177108, 1294758426, 322304376, 1362171656, 1622415833, 697107732, -2060377089, -1505724925, 1341007136, -1459158844, 1449659576, 1234972028, 1244091441, 1725134499, -576143285, -1051941813, 138110216, -2085100847, 830341843, -277083313, 2083922324, 1861194350, -1039502907, -1492693370, 1597170397, 1387220713, -1323371771, 434051223, 598490317, 213498633, -288210519, -447282925, -1777806642, 295976805, 282156929, 1606904331, 1379651750, 258743929, 148076188, 819180443, -348956022, -1559498813, -595962986, 243408304, -1678723656, 1823640515, -589182376, 2098465663, 1694854332, 639264398, -1155115386, -356863628, -2103905856, 244304207, -1111078849, 1477292199, 1090587595, -1201562719, 1027338562, 57786566, -474725808, -200292560, 1692888582, 421583209, 1569482529, -1217257828, -46205183, -451543886, 1297208284, -1838011977, -688092498, 1366019420, 154564030, -2141146663, 633624523, -307386055, -1699799834, -1698951108, 175618212, 1248856258, -1362556817, -885296639, -477264694, 1219240416, 588259449, -1565686946, 508637387, -1639767385, 1741242013, 1609619435, 1550356430, 944753511, 1937161874, 744729874, 369997510, 1068539766, -1058493407, -1094326989, -1660282286, -1175682809, -1617519172, 547358997, -639662994, 1946198931, -464026760, 350973646, 249800031, -2084495743, -1887430772, -2031590182, -8603811, 1698476001, -2133118927, 1102293972, -103832508, 1776862625, -18238319, -407098462, 1638154317, -2060716403, -2069732188, -607484082, 1490334548, -485503729, -981988246, 1943258570, 1526460748, -1504768001, -866674872, -510065578, 746310908, -1289090373, -1694174836, -1579388365, -2001980773, 2131585085, 1493678055, 2103077311, -1474335738, -1441013245, 876319209, -706943492, -987210964, -1889846288, 1386682132, -208365044, -1403740470, -1031651506, -1040237414, -33710236, -1190510777, 1462472245, 1136697471, 1633282030, 1742184981, 1275286196, 1757381460, -1739692480, -1094863857, 1513621219, 92946434, 680279616, 1216931746, -72152365, 853778139, 874277163, -1960808170, 1457311146, 1914078892, 1761151053, 236490, 1467175019, -1075420823, 496356147, 1507116443, 418660265, -551810597, 1110156908, -1643109083, -1708495260, -1742250650, -1916480217, -45079930, -1273419074, -1586706225, 1584393104, 362850495, -1815045544, 285134436, -1231319956, 231559663, 1747255797, -460386472, -1822479178, 105457311, -482450087, -2011534721, -297381262, 345141041, 979252871, -30858770, 530388392, -198467092, -242763323, 1049586193, -63299354, 970943631, -79436916, -362172896, 943878005, 344485787, 63662881, 1840234529, -1200626451, 1935547920, 438120155, -1027328667, 169290271, 361272340, -2053677445, 895159881, 2131889169, -736040739, -970696805, 421607281, 1008434045, -1202457898, 636965761, 855135023, -166989572, 172969788, 772863973, -146364565, 978156406, -317739339, 2143052303, -1727298027, 2095485861, 912779719, -739946359, -1474627608, -32424651, -625395573, -840043364, -867549071, -465353140, 1585894933, 2032649103, 1680256753, 1826730869, -1144074031, 1892930787, 1233585781, 1916808412, 222080969, -170277208, -1722425179, -1278472939, 445789749, -831922538, 171413522, 209805730, -1092261076, -911027092, 40228428, -293053836, -2144612630, 346315579, -322399193, 309392838, 1837832450, -1054748887, 1178296156, -1914601809, 2046677688, -1476716305, 639527506, 630135970, -1249780760, 519331030, -1915682653, 604456224, -22438566, 1772471304, 1334960550, -287189892, 2124409811, -1416141689, 308805965, 2038173367, 2111138207, -583266193, 1219290148, -1153266144, 276598976, 1352643785, -1587962916, 425355317, 1054261558, 2127098306, -421352827, 1697721602, 694496561, -2039571532, 1498557824, -435252027, -1040828727, -934402308, -1312608450, -873587044, 101352433, -1564386572, -945609430, -1310706834, -2059918657, -1573180960, -501000124, -988689196, -1098391348, -1153362629, 323636270, 1195365428, 762848339, -1219980996, 1727417794, -1664640426, -1103232679, -1682417269, 1992713945, -350516409, -627639327, 2016667062, -1406628915, -1473999606, -1902183149, 1019433306, -743917061, -2074340661, 1510739585, -229988993, 1624898778, -1347416076, 75709932, -975121141, -128571147, -971169771, -1238920575, 295370839, 2741356, -1048783132, 627996893, 458927883, 1894866373, 1757153264, -1378120061, -69828984)
"b" <- c(1, 1, 1, 1, 1, 1, 1, 1, 1, 1, 1, 1, 1, 1, 0, 1, 1, 1, 1, 1, 1, 1, 1, 1, 1, 1, 1, 1, 1, 1, 1, 1, 1, 1, 1, 1, 0, 1, 1, 1, 1, 1, 1, 1, 1, 1, 1, 1, 1, 1, 1, 1, 1, 1, 1, 1, 1, 1, 1, 1, 1, 1, 1, 1, 1, 1, 1, 1, 1, 1, 1, 1, 1, 1, 1, 1, 1, 1, 1, 1, 1, 1, 1, 0, 1, 1, 1, 1, 1, 1, 1, 1, 1, 1, 1, 0, 1, 1, 1, 1, 1, 1, 1, 1, 1, 0, 0, 1, 1, 1, 1, 1, 1, 1, 1, 1, 1, 1, 1, 1, 1, 1, 1, 1, 1, 1, 1, 1, 1, 1, 1, 1, 1, 1, 1, 1, 1, 1, 1, 1, 1, 1, 1, 1, 1, 1, 1, 1, 1, 1, 1, 1, 1, 1, 1, 1, 1, 1, 1, 1, 1, 1, 1, 1, 1, 1, 1, 1, 1)
"mu" <- c(-2.33148378980315, 0.806547925124972, 3.37714028011278, 2.65057886835881, 3.60198687040357, 4.55075037312466, 6.4766052302706, 7.71000850933661, 5.24206624754898, 4.57733105380932, 8.06818226421627, 6.55612186845046, 6.19485059645512, 5.82779621938586, 3.9939545023929, 2.47966166780885, 4.44521534126678, 3.62583363752784, 6.07679277656163, 4.89366582348272, 6.30257395969962, 4.39887148849921, 7.36379254347906, 5.13866532886994, 3.26932338349333, 4.62941551872265, 2.90379494874139, 4.72435915414298, 0.693123173729967, 3.42176826046805, 3.32047856610097, -0.0526066009373229, -0.463675701342448, -1.00412891566316, 1.3527716805698, 1.13549459912925, 0.820337569734249, 2.05207050919964, 3.37459258601866, 4.40668648846445, 4.76908553742858, 3.79769675979781, 2.65749387079496, 6.17028566786089, 5.073603451385, 4.26502162628279, 3.4549931534928, 2.64403255919482, 6.45354622932009, 4.72154010655577, 1.05401941291569, 2.9749760015515, 0.964903956985027, 2.21520818949043, 3.01634666161093, 0.667727013586241, 1.0776068482702, 2.17380303651056, 5.58492690816137, 1.8503186384735, 2.22734733083795, 4.26123819917546, 2.88714672580575, 7.6837250616055, 8.51009686917026, 8.74142680006906, 6.55348185701442, 4.07859902688336, 3.91415066540252, 2.99287553810662, 2.2011848483175, 0.683124963697326, 0.752445358390003, -2.45372558722058, -5.23292083048469, -4.9057657616454, -5.48401910113278, -4.39748812204798, -6.33914458736385, -3.17822707689195, -1.05723263308452, -1.44680653953753, -0.999355315996795, -1.06179444588242, 3.41395113769305, 2.79060010963359, 3.19301912611007, 4.7355535139397, 3.64256940435047, 6.39437687029122, 5.77926282388106, 5.00786010086233, 4.29960204750479, 2.36943465046741, 1.38899883784112, 1.70232515125466, -3.07004808381856, -2.91430294837268, -4.05205529407537, -3.00140750572908, -3.19038384371964, -3.85574054803619, -4.24614652087101, -3.54632831656187, -4.76125565734815, -4.33355437960438, -1.18319138995645, 1.73642495506615, 3.23888828175873, 4.27470424138155, 1.232213068262, 3.7612580314997, 2.1886334139053, 3.66450167454336, 4.04267874866161, 4.49201785188757, 5.08425698916176, 3.15760581775296, 3.54756657420165, 4.39566338251421, 4.35678879326715, 4.53233164824019, 3.85686957837247, 0.899193348586445, 1.02621481293389, 0.143414879671859, -2.20344437415426, -0.678713681327769, -1.06187066425325, -1.82781938346029, -1.94458842706872, 1.08673421661342, -0.317764379953789, 0.90821690357024, 2.25115101343942, 2.21001326629905, 2.12927604176514, 3.91631602166758, 4.09690958427135, 4.02719035871013, 4.12403938307713, 6.0129411695671, 5.41930266187226, 6.40607204750938, 7.18934203635137, 9.34332597893314, 4.33815656325988, 3.39073309134361, 1.66784194076105, -0.718308541329497, 0.420010978158958, -1.30384757719401, 2.99519570062051, 3.633594707925, 5.34427744168116, 6.28664395235023, 4.82582579021468, 5.49858999828416, 5.07410428506182, 5.34552303161737, 4.34811336305527, 5.82656315327903, 3.63965663293117, 5.13426280893834, 4.02020344117726, 5.69145638556996, 2.86870716877918, 1.02977325020912, 2.9413696420934)
"tau_add" <- 0.324686704151235
"theta" <- 0.969814501836384
".RNG.name" <- "base::Mersenne-Twister"
}

inits{
".RNG.state" <- c(28074, 29424, 11694)
"b" <- c(1, 1, 1, 1, 1, 1, 1, 1, 1, 1, 1, 1, 1, 1, 0, 1, 1, 1, 1, 1, 1, 1, 1, 1, 1, 1, 1, 1, 1, 1, 1, 1, 1, 1, 1, 1, 1, 1, 1, 1, 1, 1, 1, 1, 1, 1, 1, 1, 1, 1, 1, 1, 1, 1, 1, 1, 1, 1, 1, 1, 1, 1, 1, 1, 1, 1, 1, 1, 1, 1, 1, 1, 1, 1, 1, 1, 1, 1, 1, 1, 1, 1, 1, 0, 1, 1, 1, 1, 1, 1, 1, 1, 1, 1, 1, 1, 1, 1, 1, 1, 1, 1, 1, 1, 1, 1, 1, 1, 1, 1, 1, 1, 1, 1, 1, 1, 1, 1, 1, 1, 1, 1, 1, 1, 1, 1, 1, 1, 1, 1, 1, 1, 1, 1, 1, 1, 1, 1, 1, 1, 1, 1, 1, 1, 1, 1, 1, 1, 1, 1, 1, 1, 1, 1, 1, 1, 1, 1, 1, 1, 1, 1, 1, 1, 1, 1, 1, 1, 1)
"mu" <- c(-2.3254209456677, -0.087199197096667, 3.47354457664688, 2.41505811696933, 3.47632338553817, 4.6536583607253, 6.46835989189014, 7.7514324355395, 5.39465397848227, 4.62367433523486, 8.04110846993742, 6.54376722467619, 6.27795907851397, 5.81707405661952, 3.53513192419323, 2.56936453068311, 4.38816530039402, 3.53405571993166, 6.1176483613959, 4.98978792023963, 6.26189280268522, 4.43289953821405, 7.35495598620236, 5.24841804001752, 3.61910058559201, 4.53963894518839, 2.86014631404808, 4.5978261627249, 1.51992772034501, 3.25644098404671, 3.41076865594341, 0.201721901993219, 0.55777545581053, -0.215428480331746, 1.04300496101749, 0.777676140087708, -0.971054874112053, 2.64225543392722, 3.43272434430422, 4.15638078887604, 4.61535556710031, 3.88877920305381, 1.87852180261726, 6.21873321653776, 4.95873418028374, 4.37073320798012, 3.78159270915574, 2.68350350237957, 6.47382130095784, 4.66014602974574, 1.79076296040826, 2.55803630263517, -2.13341046588757, 1.50599405028854, 2.43649728601537, 0.445001919937114, 0.774327800613452, 2.76707596229574, 5.70874291999557, 2.08671242627122, 2.1953211592493, 4.26237489404191, 3.06400794548794, 7.70313857216078, 8.52167525446766, 8.7326928159715, 6.51355812942926, 4.1548752317653, 3.97622489337202, 3.18329366384177, 2.06286170614099, 0.470551701188951, 0.897574047268431, -1.34876736079688, -1.22149297288416, -0.612493778629495, -2.9077291686123, -0.570521880252445, -2.63609314039206, -3.32313751424097, -2.33376981550902, 0.82412432842135, 0.146270020184197, -0.791674939896182, 3.44938530566997, 3.03295383693177, 3.91110209973019, 4.72898384734956, 2.80775438360358, 6.30247759288349, 5.80227110425509, 4.96422461122759, 4.29400688655662, 1.50679630417428, -0.779421440812079, -3.19456137619882, -2.35552852943983, -3.40731207969409, -4.01310660216286, -4.55463545834612, -5.26322140282014, -5.47680726629113, -7.55827577360787, -6.57862054658421, -7.24997635494958, -5.68622534551409, -1.02505470919426, 2.21029921051444, 3.09556211803119, 4.26233834697261, -0.637610512073597, 3.6327156450095, 3.13615604970481, 3.86070434378186, 4.17411807572696, 4.54764812572602, 5.04752575805953, 2.84048796888594, 3.65681519325525, 4.61412344939386, 4.44153585360818, 4.52311677971144, 3.53300521412548, -0.561653213666394, 1.16807547564842, -0.189229054661408, -2.30510343499752, -3.86865734836117, -5.60702156906723, -5.46476447508201, -2.04684060708181, 0.48772184613601, 0.710290782348118, 1.20068001053486, 2.751534942764, 2.66571858736581, 2.46394864392898, 3.73048552547325, 4.23017844354075, 4.05480008944493, 4.24491130518111, 5.99653336140765, 5.35724320347082, 6.37152963679923, 7.1895534967429, 9.35782993645245, 4.23618898133563, 3.58631391469944, 0.558793836745373, -1.37005497647397, -0.570327275280475, -0.261585242770504, 2.5506024659263, 3.66484214892792, 5.14123791908437, 6.23249468512886, 4.9930402980647, 5.42018091844072, 5.23190791315152, 5.43397837543387, 4.2793971323368, 5.79873684573258, 3.71274290478505, 5.15514428835983, 3.99934927917593, 5.65052811612897, 2.47760877029514, 0.772624138200242, 2.91007683486553)
"tau_add" <- 0.334430948223675
"theta" <- 0.98159941724671
".RNG.name" <- "base::Wichmann-Hill"
}



######################################################################################################
######################################################################################################
#### Data 
######################################################################################################
######################################################################################################

data{
"y" <- c(0, 2, 34, 10, 40, 103, 664, 2293, 220, 93, 3194, 677, 490, 347, 0, 8, 81, 35, 416, 135, 527, 75, 1553, 169, 37, 90, 15, 106, 2, 28, 32, 0, 2, 1, 5, 2, 0, 11, 30, 78, 114, 50, 10, 460, 139, 79, 37, 14, 645, 107, 4, 14, 0, 7, 21, 2, 3, 10, 272, 9, 8, 69, 15, 2226, 5062, 6269, 668, 70, 57, 21, 7, 2, 6, 0, 0, 0, 0, 0, 1, 0, 0, 1, 0, 0, 30, 22, 32, 119, 24, 580, 337, 149, 65, 8, 2, 0, 0, 0, 0, 0, 0, 0, 0, 0, 0, 0, 0, 7, 20, 72, 1, 43, 16, 40, 70, 96, 166, 22, 39, 96, 80, 91, 46, 3, 4, 0, 0, 0, 0, 0, 0, 3, 3, 3, 9, 10, 11, 51, 76, 61, 77, 411, 224, 595, 1335, 11541, 65, 33, 4, 0, 1, 0, 19, 32, 187, 527, 132, 243, 184, 241, 82, 346, 43, 162, 57, 278, 14, 2, 18)
"N" <- 169
"x_ic" <- -2.30258509299405
"tau_ic" <- 100
"a_add" <- 0.001
"r_add" <- 0.001
"alpha" <- 1
"epsilon" <- 1


}

######################################################################################################
######################################################################################################
