[1] "Parameter summary"
              Lower95      Median    Upper95        Mean         SD Mode
tau_proc    0.3820344  0.60438984 0.90947314  0.62273258 0.14022360   NA
beta1      -0.6174012 -0.28022764 0.02714223 -0.28462107 0.16587081   NA
beta2       0.6485572  0.77125769 0.88989121  0.76949364 0.06176681   NA
beta3      -0.1921205  0.15608652 0.47160482  0.15551263 0.17023589   NA
beta4      -0.3297649  0.03155142 0.37536641  0.03018172 0.17993654   NA
tau_obs     0.9960400  1.60595005 2.32563071  1.63470877 0.34664505   NA
tau_T_proc  0.9012068  1.19550129 1.52888225  1.20373182 0.16101300   NA
tau_S_proc  0.8975356  1.23461008 1.57808691  1.24267921 0.17445217   NA
                  MCerr MC%ofSD SSeff         AC.10     psrf
tau_proc   0.0027666409     2.0  2569  4.180842e-02 1.000310
beta1      0.0023432431     1.4  5011  6.826897e-05 1.000591
beta2      0.0009513873     1.5  4215  8.467575e-03 1.000628
beta3      0.0021280675     1.3  6399  1.022530e-04 1.000399
beta4      0.0022737046     1.3  6263  3.529234e-03 1.000518
tau_obs    0.0070555103     2.0  2414  6.759979e-02 1.000412
tau_T_proc 0.0013377336     0.8 14487  2.284776e-05 1.000106
tau_S_proc 0.0016614781     1.0 11025 -8.292346e-03 1.000118
[1] "DIC"
Mean deviance:  850.2 
penalty 83.73 
Penalized deviance: 933.9 
