[1] "Parameter summary"
              Lower95      Median    Upper95        Mean        SD Mode        MCerr
tau_proc    0.3825998  0.60224915 0.91314541  0.62168567 0.1423940   NA 0.0029698326
beta1      -0.6076547 -0.27452017 0.03922198 -0.27885264 0.1657341   NA 0.0024725593
beta2       0.6529485  0.77421737 0.89420869  0.77274736 0.0615047   NA 0.0009922437
beta3      -0.1439200  0.15768591 0.45848745  0.15803510 0.1536806   NA 0.0016350551
beta4      -0.3898067 -0.05462107 0.27678941 -0.05631504 0.1698777   NA 0.0021247064
tau_obs     0.9924190  1.60961566 2.33010691  1.64247818 0.3516155   NA 0.0076127288
tau_T_proc  0.8883014  1.19799529 1.51880611  1.20448702 0.1619629   NA 0.0013440613
tau_W_proc  0.9005518  1.21428262 1.55788289  1.22214727 0.1704279   NA 0.0015160408
           MC%ofSD SSeff       AC.10     psrf
tau_proc       2.1  2299 0.076162261 1.000353
beta1          1.5  4493 0.020508863 1.000166
beta2          1.6  3842 0.021493629 1.000545
beta3          1.1  8834 0.001662097 1.000658
beta4          1.3  6393 0.014566954 1.000249
tau_obs        2.2  2133 0.087421603 1.000054
tau_T_proc     0.8 14521 0.002912721 1.000002
tau_W_proc     0.9 12637 0.002345744 1.000193
[1] "DIC"
Mean deviance:  858.4 
penalty 83.58 
Penalized deviance: 942 
