[1] "Parameter summary"
              Lower95      Median    Upper95        Mean        SD Mode
tau_proc    0.3803411  0.60683162  0.9203309  0.62553768 0.1428536   NA
beta1      -0.8671012 -0.46073880 -0.0590219 -0.46311508 0.2064260   NA
beta2       0.6411487  0.76682873  0.8783431  0.76579108 0.0609567   NA
beta3      -0.2548835  0.02697646  0.3285476  0.02780008 0.1496669   NA
beta4      -0.0789205  0.20622336  0.4827820  0.20590777 0.1429932   NA
beta5      -0.1388322  0.18218611  0.5089440  0.18166797 0.1650275   NA
tau_obs     1.0006897  1.61429056  2.3231140  1.64644257 0.3463560   NA
tau_D_proc  0.8966504  1.19330205  1.5076577  1.19949698 0.1567603   NA
tau_T_proc  0.9019769  1.19461882  1.5303696  1.20392375 0.1614795   NA
                 MCerr MC%ofSD SSeff         AC.10     psrf
tau_proc   0.002878315     2.0  2463  0.0743203321 1.000495
beta1      0.003643657     1.8  3210  0.0216120860 1.002958
beta2      0.000954209     1.6  4081  0.0305849536 1.001296
beta3      0.001568494     1.0  9105 -0.0020530514 1.000150
beta4      0.002203023     1.5  4213  0.0010186631 1.001086
beta5      0.001913094     1.2  7441 -0.0089650143 1.000359
tau_obs    0.007159794     2.1  2340  0.0700270130 1.002195
tau_D_proc 0.001304795     0.8 14434  0.0004534191 1.000039
tau_T_proc 0.001341901     0.8 14481 -0.0007815453 1.000061
[1] "DIC"
Mean deviance:  885.2 
penalty 83.64 
Penalized deviance: 968.8 
