[1] "Parameter summary"
              Lower95      Median    Upper95        Mean         SD Mode
tau_proc    0.3762727  0.60460622 0.89771172  0.62252003 0.13880820   NA
beta1      -0.6177525 -0.27945276 0.03289945 -0.28216467 0.16725105   NA
beta2       0.6411684  0.77145604 0.88514770  0.77015442 0.06224248   NA
beta3      -0.1254881  0.18028391 0.48016114  0.17994380 0.15553115   NA
beta4      -0.4202716 -0.05601336 0.29683878 -0.05536716 0.18244637   NA
tau_obs     1.0164566  1.61470231 2.32997356  1.64221015 0.34117453   NA
tau_T_proc  0.9108750  1.19724938 1.53610946  1.20560272 0.16090318   NA
tau_L_proc  0.8838825  1.21928001 1.58831942  1.22764606 0.18175637   NA
                  MCerr MC%ofSD SSeff        AC.10     psrf
tau_proc   0.0027038746     1.9  2635  0.025868626 1.000731
beta1      0.0024923711     1.5  4503  0.018660608 1.000441
beta2      0.0009710348     1.6  4109  0.011668953 1.000536
beta3      0.0016613977     1.1  8764 -0.012993868 1.000453
beta4      0.0024462128     1.3  5563  0.001013502 1.000029
tau_obs    0.0069625442     2.0  2401  0.044843555 1.000322
tau_T_proc 0.0013346984     0.8 14533 -0.006126691 1.000100
tau_L_proc 0.0018197228     1.0  9976  0.013680638 1.000197
[1] "DIC"
Mean deviance:  823.3 
penalty 83.31 
Penalized deviance: 906.6 
