[1] "Parameter summary"
              Lower95      Median    Upper95        Mean         SD Mode
tau_proc    0.3769000  0.61014433 0.91513796  0.62930616 0.14305167   NA
beta1      -0.6091956 -0.27750535 0.03992145 -0.27996596 0.16647688   NA
beta2       0.6465592  0.77368321 0.88955792  0.77219410 0.06202602   NA
beta3      -0.1329612  0.15828734 0.46460467  0.15829948 0.15241264   NA
beta4      -0.2613238  0.05701442 0.40968964  0.05691631 0.17292555   NA
tau_obs     1.0033154  1.58988416 2.31967249  1.62261910 0.34625711   NA
tau_T_proc  0.8853367  1.19632951 1.51746823  1.20419141 0.16204270   NA
tau_W_proc  0.9111829  1.21526819 1.56149225  1.22210516 0.16650338   NA
                  MCerr MC%ofSD SSeff       AC.10     psrf
tau_proc   0.0028268569     2.0  2561 0.053280987 1.002347
beta1      0.0024876879     1.5  4478 0.032871111 1.000211
beta2      0.0009632429     1.6  4146 0.041627233 1.000596
beta3      0.0016192372     1.1  8860 0.018546458 1.000106
beta4      0.0021701729     1.3  6349 0.029053394 1.000377
tau_obs    0.0071976608     2.1  2314 0.062131062 1.000789
tau_T_proc 0.0013363884     0.8 14703 0.017578869 1.000088
tau_W_proc 0.0015016024     0.9 12295 0.009084042 1.000102
[1] "DIC"
Mean deviance:  870.9 
penalty 83.27 
Penalized deviance: 954.1 
