[1] "Parameter summary"
               Lower95      Median    Upper95        Mean         SD Mode        MCerr
tau_proc     0.3707934  0.59479104 0.89477572  0.61493860 0.14131388   NA 0.0028500091
beta1       -0.8029988 -0.35531076 0.08932439 -0.35962987 0.22660907   NA 0.0044792666
beta2        0.6433738  0.76921397 0.88801519  0.76784715 0.06248495   NA 0.0009479548
beta3       -0.2649102  0.07367423 0.40207396  0.07296133 0.17036984   NA 0.0021799510
beta4       -0.2652464  0.08538713 0.42068935  0.08632530 0.17480127   NA 0.0033158089
beta5       -0.1566602  0.14479885 0.45377543  0.14438208 0.15699825   NA 0.0016792378
tau_obs      1.0134321  1.60608499 2.35510955  1.63852869 0.34739204   NA 0.0073560508
tau_SW_proc  0.8884403  1.19045972 1.50913874  1.19781890 0.15854249   NA 0.0012944940
tau_T_proc   0.8921041  1.19937956 1.51697075  1.20632871 0.16060664   NA 0.0013438915
            MC%ofSD SSeff        AC.10      psrf
tau_proc        2.0  2459  0.074889232 1.0022143
beta1           2.0  2559  0.050638524 1.0005415
beta2           1.5  4345  0.029295243 1.0009000
beta3           1.3  6108  0.005524670 1.0002767
beta4           1.9  2779  0.041556168 1.0007620
beta5           1.1  8741 -0.005950021 1.0002269
tau_obs         2.1  2230  0.059544349 1.0016795
tau_SW_proc     0.8 15000  0.003291218 0.9999692
tau_T_proc      0.8 14282  0.006793699 1.0000089
[1] "DIC"
Mean deviance:  887.3 
penalty 83.81 
Penalized deviance: 971.1 
