[1] "Parameter summary"
              Lower95      Median    Upper95        Mean         SD Mode
tau_proc    0.3671784  0.58194528 0.85880184  0.59723042 0.13074572   NA
beta1      -0.7417149 -0.32057700 0.09863027 -0.32307811 0.21449400   NA
beta2       0.6427007  0.76816485 0.88476904  0.76684066 0.06179274   NA
beta3      -0.2696815  0.06412615 0.39478588  0.06372122 0.16907637   NA
beta4      -0.2648021  0.03919034 0.34126577  0.03962936 0.15445445   NA
tau_obs     1.0320014  1.63927661 2.34100921  1.66921268 0.34627575   NA
tau_G_proc  0.8912528  1.19849693 1.52295502  1.20509543 0.16007191   NA
                  MCerr MC%ofSD SSeff         AC.10     psrf
tau_proc   0.0025661311     2.0  2596  5.525062e-02 1.000553
beta1      0.0039840275     1.9  2899 -1.978308e-03 1.000744
beta2      0.0009546555     1.5  4190  8.151386e-03 1.000482
beta3      0.0022113782     1.3  5846 -6.275649e-03 1.000058
beta4      0.0025793287     1.7  3586  2.208639e-05 1.000624
tau_obs    0.0068842961     2.0  2530  2.397043e-02 1.000165
tau_G_proc 0.0013196705     0.8 14713 -4.855519e-03 1.000029
[1] "DIC"
Mean deviance:  580.7 
penalty 82.75 
Penalized deviance: 663.5 
