[1] "Parameter summary"
               Lower95      Median    Upper95        Mean         SD Mode       MCerr
tau_proc     0.3610453  0.58909230 0.88311242  0.60830493 0.13937973   NA 0.002663834
beta1       -0.8206135 -0.34605399 0.08519272 -0.35033241 0.23005852   NA 0.004613265
beta2        0.6461468  0.77104645 0.89044253  0.76927699 0.06293357   NA 0.001007964
beta3       -0.2397668  0.09982301 0.42411774  0.09865596 0.16902304   NA 0.002058883
beta4       -0.2654732  0.07697687 0.43481671  0.07817680 0.17760352   NA 0.003326258
beta5       -0.3360283  0.01376589 0.36346471  0.01384134 0.17709958   NA 0.002470300
tau_obs      0.9967438  1.59389514 2.31144402  1.62525172 0.34434303   NA 0.007011750
tau_SW_proc  0.8912911  1.19201434 1.50811539  1.19937678 0.15828125   NA 0.001292361
tau_S_proc   0.9058131  1.23637674 1.58379470  1.24364075 0.17478427   NA 0.001631934
            MC%ofSD SSeff        AC.10     psrf
tau_proc        1.9  2738  0.032196353 1.000326
beta1           2.0  2487  0.036016562 1.001611
beta2           1.6  3898 -0.009109700 1.000675
beta3           1.2  6740 -0.003476072 1.000688
beta4           1.9  2851  0.029301947 1.001470
beta5           1.4  5140  0.009730662 1.000217
tau_obs         2.0  2412  0.062185429 1.000672
tau_SW_proc     0.8 15000  0.013613193 1.000009
tau_S_proc      0.9 11471 -0.022987893 1.000058
[1] "DIC"
Mean deviance:  857.4 
penalty 84.38 
Penalized deviance: 941.8 
