[1] "Parameter summary"
              Lower95      Median    Upper95        Mean         SD Mode
tau_proc    0.3767347  0.60330448 0.91230117  0.62290340 0.14234197   NA
beta1      -0.6266933 -0.28906860 0.03652961 -0.29256997 0.16788653   NA
beta2       0.6447940  0.76767360 0.88545047  0.76601964 0.06202126   NA
beta3      -0.1294750  0.17265144 0.47106699  0.17264292 0.15370711   NA
beta4      -0.2776915  0.05558581 0.39407437  0.05581502 0.17188533   NA
tau_obs     1.0020984  1.60148737 2.33071956  1.63191449 0.35043743   NA
tau_T_proc  0.9048259  1.19640304 1.52394409  1.20359683 0.16054156   NA
tau_W_proc  0.9165036  1.21961723 1.55973229  1.22581607 0.16651152   NA
                  MCerr MC%ofSD SSeff        AC.10      psrf
tau_proc   0.0030025832     2.1  2247  0.062852245 1.0026065
beta1      0.0023746209     1.4  4999  0.008966916 1.0003900
beta2      0.0009745018     1.6  4051  0.021861372 1.0005759
beta3      0.0016412082     1.1  8771 -0.001934998 1.0002992
beta4      0.0021128226     1.2  6618 -0.010022553 1.0010857
tau_obs    0.0071420784     2.0  2408  0.047293307 1.0032965
tau_T_proc 0.0013164696     0.8 14871  0.010981675 1.0000556
tau_W_proc 0.0014837711     0.9 12594 -0.007868227 0.9999789
[1] "DIC"
Mean deviance:  870.2 
penalty 84.23 
Penalized deviance: 954.4 
