[1] "Parameter summary"
              Lower95     Median    Upper95        Mean         SD Mode       MCerr
tau_proc    0.3795327  0.6063146 0.91643907  0.62518643 0.14318422   NA 0.002859687
beta1      -0.6057064 -0.2714605 0.03346857 -0.27537542 0.16450588   NA 0.002369313
beta2       0.6572972  0.7756146 0.89581849  0.77374284 0.06107548   NA 0.000918651
beta3      -0.1505944  0.1605147 0.45493530  0.15995091 0.15563420   NA 0.001640346
beta4      -0.3746043 -0.0155591 0.33380184 -0.01583318 0.18075649   NA 0.002631708
tau_obs     1.0033018  1.6053921 2.33691191  1.63752223 0.35052583   NA 0.007222990
tau_T_proc  0.8839525  1.1974126 1.51554804  1.20536684 0.16170209   NA 0.001339641
tau_S_proc  0.9115204  1.2344712 1.58517204  1.24328293 0.17291235   NA 0.001617496
           MC%ofSD SSeff        AC.10      psrf
tau_proc       2.0  2507  0.070177904 1.0009662
beta1          1.4  4821  0.004504504 1.0002245
beta2          1.5  4420  0.003626611 1.0000009
beta3          1.1  9002 -0.005699542 0.9999334
beta4          1.5  4718  0.007697369 1.0001241
tau_obs        2.1  2355  0.053594656 1.0016695
tau_T_proc     0.8 14570  0.007305224 1.0000632
tau_S_proc     0.9 11428 -0.007982004 1.0000010
[1] "DIC"
Mean deviance:  853.2 
penalty 83.31 
Penalized deviance: 936.5 
