[1] "Parameter summary"
              Lower95      Median     Upper95        Mean         SD Mode
tau_proc    0.3638736  0.60355907  0.90211210  0.62341706 0.14577144   NA
beta1      -0.8358102 -0.42172320 -0.02652886 -0.42644161 0.20590586   NA
beta2       0.6432390  0.76998147  0.88675871  0.76796419 0.06207521   NA
beta3      -0.2088788  0.07728796  0.35376967  0.07784496 0.14325500   NA
beta4      -0.1098277  0.16849706  0.43600499  0.16821918 0.14005944   NA
tau_obs     1.0058782  1.62021998  2.36956526  1.64919215 0.35348297   NA
tau_D_proc  0.8920445  1.19444326  1.51156510  1.20192300 0.15953931   NA
                 MCerr MC%ofSD SSeff        AC.10     psrf
tau_proc   0.002988397     2.1  2379  0.054496577 1.000899
beta1      0.003549680     1.7  3365  0.008569900 1.000618
beta2      0.000969672     1.6  4098 -0.003353676 1.000002
beta3      0.001362703     1.0 11051 -0.008290448 1.000795
beta4      0.002039714     1.5  4715  0.006092844 1.000923
tau_obs    0.007231152     2.0  2390  0.050824250 1.002329
tau_D_proc 0.001316438     0.8 14687  0.006452748 1.000024
[1] "DIC"
Mean deviance:  586.9 
penalty 82.24 
Penalized deviance: 669.2 
