[1] "Parameter summary"
               Lower95     Median    Upper95        Mean         SD Mode       MCerr
tau_proc     0.3658491  0.5943671 0.89316659  0.61372461 0.14121883   NA 0.002939471
beta1       -0.8077047 -0.3477572 0.09799351 -0.35024904 0.22990622   NA 0.004542279
beta2        0.6415093  0.7698465 0.88780545  0.76845872 0.06255141   NA 0.001017015
beta3       -0.2303435  0.1017716 0.42561088  0.10142248 0.16701039   NA 0.002112486
beta4       -0.2657233  0.0750781 0.42268383  0.07635478 0.17546980   NA 0.003292587
tau_obs      1.0003004  1.6090067 2.35700266  1.64546696 0.35640507   NA 0.007507265
tau_SW_proc  0.8902659  1.1940995 1.50332087  1.20022537 0.15823855   NA 0.001284033
            MC%ofSD SSeff        AC.10     psrf
tau_proc        2.1  2308  0.061572468 1.000169
beta1           2.0  2562  0.042649602 1.000587
beta2           1.6  3783  0.025408332 1.000480
beta3           1.3  6250 -0.006907304 1.000257
beta4           1.9  2840  0.023194449 1.000403
tau_obs         2.1  2254  0.065417840 1.000138
tau_SW_proc     0.8 15187 -0.008566389 1.000125
[1] "DIC"
Mean deviance:  589 
penalty 82.71 
Penalized deviance: 671.7 
