[1] "Parameter summary"
              Lower95      Median    Upper95        Mean         SD Mode
tau_proc    0.3813440  0.60821835 0.90387100  0.62654969 0.13933450   NA
beta1      -0.6116945 -0.26995922 0.04934872 -0.27240555 0.16845020   NA
beta2       0.6525551  0.77674626 0.89640155  0.77509676 0.06203054   NA
beta3      -0.1525349  0.15631265 0.44678444  0.15713447 0.15268632   NA
beta4      -0.3969226 -0.04048846 0.31209139 -0.03883307 0.17939166   NA
tau_obs     1.0179524  1.59644894 2.32830756  1.63081410 0.34225192   NA
tau_T_proc  0.8960943  1.19846221 1.52511703  1.20521353 0.16140665   NA
tau_L_proc  0.8845623  1.22020286 1.59159967  1.22815882 0.18211622   NA
                 MCerr MC%ofSD SSeff        AC.10      psrf
tau_proc   0.002733555     2.0  2598  0.060624460 1.0008231
beta1      0.002403870     1.4  4910  0.013691429 1.0016971
beta2      0.001014648     1.6  3737  0.017364171 1.0013792
beta3      0.001608422     1.1  9012 -0.010740929 1.0005046
beta4      0.002322066     1.3  5968  0.003123795 1.0002775
tau_obs    0.006843275     2.0  2501  0.044079403 1.0002967
tau_T_proc 0.001351588     0.8 14261  0.009392277 1.0001108
tau_L_proc 0.001821837     1.0  9993  0.001377228 0.9999978
[1] "DIC"
Mean deviance:  822.4 
penalty 83.84 
Penalized deviance: 906.2 
