[1] "Parameter summary"
              Lower95      Median    Upper95        Mean         SD Mode        MCerr
tau_proc    0.3731514  0.59908711 0.90300867  0.61674023 0.14026261   NA 0.0027678796
beta1      -0.5912309 -0.26990940 0.05687464 -0.27431305 0.16487735   NA 0.0022382673
beta2       0.6525373  0.77639196 0.89038052  0.77457477 0.06092113   NA 0.0009225139
beta3      -0.2752304  0.03997094 0.35527029  0.03876064 0.16145817   NA 0.0018755086
beta4      -0.3134546  0.02254992 0.37228152  0.02389360 0.17565129   NA 0.0025248836
tau_obs     0.9961480  1.59770432 2.32632585  1.62849482 0.34842745   NA 0.0071189914
tau_W_proc  0.8851729  1.19495730 1.50959874  1.20162375 0.15883848   NA 0.0012969108
tau_S_proc  0.9134362  1.23526562 1.57560752  1.24413382 0.17210552   NA 0.0015914074
           MC%ofSD SSeff         AC.10      psrf
tau_proc       2.0  2568  3.694579e-02 1.0000898
beta1          1.4  5426 -2.118098e-05 1.0000487
beta2          1.5  4361 -2.791710e-03 1.0000958
beta3          1.2  7411 -9.803093e-03 1.0002947
beta4          1.4  4840  7.135509e-04 1.0001528
tau_obs        2.0  2395  3.937329e-02 1.0003971
tau_W_proc     0.8 15000  1.103347e-03 1.0000421
tau_S_proc     0.9 11696  3.302575e-03 0.9999727
[1] "DIC"
Mean deviance:  856.9 
penalty 84.36 
Penalized deviance: 941.3 
