######################################################################################################
######################################################################################################
#### JAGS model file written by runjags version 2.0.4-2 on 2019-04-25 21:37:22 
######################################################################################################
######################################################################################################

model{
for(i in 1:N){
#this fits the blended model to your observed data. 
y[i] ~ dpois(m[i])
m[i]<- exp(mu[i])
}
#### Process Model
for(i in 2:N){
mu[i]~dnorm(lambda[i],tau_add) 
lambda[i]<- beta[1]*mu[i-1] 
}
#### Priors
mu[1]~ dnorm(x_ic, tau_ic)
tau_add ~ dgamma(a_add,r_add)
beta[1] ~ dnorm(beta.m,beta.v)
}
#monitor# tau_add, beta, mu

######################################################################################################
######################################################################################################
#### Initial values 
######################################################################################################
######################################################################################################

inits{
".RNG.state" <- c(269, -1132835270, 1531887978, 173897470, 1206866820, -1894266818, -690167768, 360697201, 2035250615, 173468466, -517790527, -1890398057, -80342420, 989636370, -953867275, 1595917282, -2002084922, -1190340917, 1256692323, -579016064, -370141515, 1112279700, -616192360, 154445397, -624853097, 1847039159, 666546926, -1984974068, 83752278, 1146845948, -1651277696, 2090027744, -667360283, -845855716, 1578200557, -878513623, -1552168863, -291291077, -731631217, 591868657, 1051573989, -2068323247, -1342302148, -2131704799, 1031033091, -542969703, 1854829388, 421298046, 2069255711, -1175304371, 1089394299, 2044177771, -1379836685, -1383300719, -797676277, -1026487799, 220205290, 1314908579, 395259771, -1229508633, -1359968980, 1496772031, -1668401872, 359497747, -1132787257, -1278800070, 1096809102, -1059344944, 1753550367, 2081171986, -148703696, -1403325548, -1983837127, 908660787, 994282141, 429902525, -1746202966, 1564152679, 1286145923, 249891711, 990066475, 160346301, 1500318083, -1045220024, -2009047089, 1696158423, 616375161, 869085833, -1781175364, -615894235, 2108273002, -1992932239, -1100502931, 1710221081, 562399129, 1424642647, -1973417207, -1842926640, 893614628, 184868384, -545702795, 908177210, -1427863220, 1238655833, -74928328, 806046438, 2120711059, 1936238904, 1158310827, -1076005336, 697551043, -517942778, -2145669051, 1413246684, -1975887641, 461771899, 500121456, -456395985, -2098545054, -1788617430, 2040141385, -662807080, -1426147294, -174665420, -879805895, 401743826, 364548787, -413529440, -275192503, 518275974, -540864178, 1352221806, 12656192, 886641455, 609820105, 1520914135, -918443677, -582928301, 1386654796, 1087859183, 289731347, 1224990505, -905402898, 1231808138, 1371194294, 1667930111, -658833340, -983035904, 823997477, -1919894611, -1880637344, 1291813914, 1018055266, 1595707214, -1816447333, -67608027, 1218631067, -946385335, -1411966524, 1402691822, -181846942, -1522638151, -1067059115, 732410271, -528205, -1268460126, 699910142, -922007385, 379554313, 1524907099, 18968955, -1371454654, 1305403314, 931776099, 159510284, -764079425, -454887864, 975272295, 693829305, 867989614, 1085657727, 1506873591, -716985926, -815009874, -1876359600, 1465570779, -565726077, -1012721911, 1694457477, -1494358933, -1646928393, -1504622227, 579373543, -20773382, -1276305172, -1326220215, -1550329868, 703908044, 864672884, 608094558, 1472015161, -546238017, -100161734, 2051983960, -837974368, 1578229, 532931935, 148692747, 1470173151, 312594526, -559624171, -1014171200, 90883206, -256550499, 957032061, 1304023463, 284041044, -957297556, -496414855, -1049656414, -2052827863, -1617260894, -2100649927, 1879167879, -30166899, -840211737, -1770056884, 2069064494, 339009463, -1621524800, -746977403, -1349385973, 840941921, -1016000752, 1099986516, 676038242, 1870163499, -1048163681, 232611423, -1578923295, -1214997416, -2130829899, -635635022, -2133247843, 1088646903, -293638813, 1037348392, -519896170, 1184356581, 1385199763, -1427500500, 551519052, -610768974, 1961841838, -406248624, -324417040, 1660789466, -1746420908, 1424875834, 779962713, -166732190, -447221599, 1963599083, 252893452, -1851914722, 2058172245, -89570564, 1480594818, 118344508, -1907921574, -473075924, -152876967, 218620222, -1028105587, -2019262683, 1227736852, -770236666, 770587143, 1789985259, 1536932852, -534554359, 66833618, -387041627, -574312058, 1301067185, -450207182, 1126074344, -2117623677, -1364196018, -1437388314, 1679416330, 2125001703, 1290482508, 1705853651, -19103569, -1233030067, 1800762083, -1707705957, 732689069, -1191310709, -1704786704, 1198778204, -1535951295, -1770473073, 2024905737, -1789179225, 607323812, 785530049, 100413681, 785675674, -1514705317, 1498651228, 24650560, -742942038, 37119582, -300159564, 740228905, -1563751278, -2145429398, -1389091169, 1646765339, -1587121636, -1177024229, 1045461535, 833761034, 2049501998, 1255033062, 443474660, -498792812, -263734125, 1220139735, -1694687287, 2052191840, -992281980, -303714209, -799863969, -1759950854, 446482250, -675673337, 959964698, -2074285686, 860242899, 1163333269, 1620220489, -1722310560, -1550704066, -1390096370, 1909477050, 796021224, 1470031494, 1247514477, -1026086405, -447770639, -451370024, -840188893, 1456023052, 1604443990, 310542817, 1512212463, 122600296, 305141522, 2051036071, 598143884, -978594124, -1502644150, -933217006, -174419944, -448155535, -1983979116, -274990837, 1075245788, -849989994, -4338744, 541658788, -1091457683, 1535413660, -1815233748, 1077497569, 333957319, 1803950740, 854726602, -1295832735, -966333040, -531188539, 838234238, 998736072, 12931281, 1695996278, 617559134, -955117570, -1449770380, -676584311, -1297384760, 930906858, 525099652, 2025231327, -1597008840, -2067667754, 1109047696, 1998558902, 2028208316, 653344464, -175571725, 715524370, 2015125567, 842427400, -1906783404, -492852031, -1036986151, -1140625415, -116105959, 1495864580, 1622323152, -206101359, 1469046782, -1960462418, 1707294, 379001985, -12689352, 1023267963, 1194308370, -1505889484, -1880364644, 579949976, -1534259882, -386176280, 1736224779, -2086450923, -1260321496, -881717513, -777556393, -1701570063, 420130499, 115046870, -1352483533, -117158212, 1655932892, 378304073, -391915509, -223811001, -1637321551, -469484703, 20999643, 940222820, 63651099, -1259955649, -1768614268, 1109067436, 283396064, 1926711612, -1332003905, 1719769261, -1747487088, -2045354093, -74103579, 1936694977, 2015472958, -789314413, -1201115982, -364622856, 858961390, -817622094, -46479878, 1178862849, 1514517245, 1241884173, -366282357, -1573729750, -1218474796, -1444367271, -1182050082, 1694622900, 459534082, 1133853535, -1934532565, 631126201, 365772306, -1656080436, -893991441, -1152120897, -1646644310, -1040873693, -1385915494, 1268931385, 482185303, -910067315, -1123091520, -2085447044, 1267913848, 257665357, -1977047945, -1009271801, 1615074460, 161992518, 1958549530, -365864322, 394492250, -1120415146, -1047332047, 336685510, -581554541, 976842571, -1119120185, -1107357286, 1073159604, -1393562539, -410150088, 1771733606, 469061646, -291991125, -1282270641, -1162777408, -574628747, 985165373, 1550711671, -2007441373, -1794647315, -1019181697, -1109275646, 289834226, 962761245, -1198272375, -555841501, 1413892244, -847044374, 2133123911, -929696613, 1545801747, -1485370992, 1103086135, 2120167136, -1771152025, -187314244, -195728243, 1054577141, 1009845231, 1605124823, 182096218, 820899469, 2080669284, -414485522, 1849307012, 44150648, 2104401, 988100323, 967070969, 850497318, 628960309, -555031880, 1656048495, -1459710120, -614655006, 856654605, -671485906, 1293575846, 231293944, -1069521079, 775228468, 254799966, -638867620, -1130051389, -510623666, -900397505, -567163370, -1148133341, 983590213, 150262070, 1725884666, -870026690, 1165333591, -1021177703, 2085447417, -1432553718, 402545275, 1268614267, -813237105, 219104853, 290427863, 449666629, -2110624975, 1883440485, -1274251852, -961825759, 1844146183, 977825725, -740542250, -1208557303, -286818203, -1432277881, -101866152, -1830041031, 209152180, 1980427492, 991815486, -247725597, -1438947496, 1287765171, 1712812475, -1345107295, -1539883040, -199437954, -1814421184, 915019355, -1071799810, 732051960, 1764979999, -658920359, -1786123543, 740760535, -430516764, 574832934, 290422119, 1373582737, -1158146663, -1982216453, -421574344, -441679390, -168460321, 216209533, -581641168, -1223617233, -1298249317, -394527402, -1920586242, -620969013)
"beta" <- 0.916301781511933
"mu" <- c(-2.34270528369376, -1.66249625965393, -1.70615478804879, -1.10075495727578, 3.47269827608685, 2.6218294762651, 4.36053575064986, 2.42481656098573, 5.20636450200669, 4.82496182651537, 3.10129446432323, 2.5350578787036, 1.62106729344195, 2.24129164844467, 2.61200494818738, 4.1301523623119, 2.48753133551229, 2.58251631525965, 3.26221185331909, 1.0727082869346, 0.111624868997206, 0.441246627737985, -0.302092510912511, 0.30490277170021, -1.98771960839366, 0.536618299711024, 3.47687675056576, 2.29401576417746, 3.460071955736, 4.64022518033106, 6.4859125803494, 7.74399485494609, 5.42721702047808, 4.63756742319824, 8.08544360280451, 6.50575219019169, 6.14907737648058, 5.68873550405734, 5.61898577945128, 2.91211843836759, 2.86902437329878, 3.31105280303018, 3.66000884341184, 1.72917543843683, 0.111812311734929, -0.202886564312783, 0.134435162351938, -1.11637793947028, -0.857867718835882, -0.930793103253405, -1.31122995391217, -2.70820441760887, -3.79273847656648, -3.70360980878526, -1.58346247713965, -0.212557511455653, -0.0592220882399892, -3.84861118187737, -2.63151152589199, 1.26079620545618, 0.667229706104002, 0.705144291811296, 0.725554737968753, 2.64026981212985, -2.0669587943849, -2.21821336214786, -3.86123644454198, -3.0566330361365, -2.66269729827701, -2.80607793707089, -3.09895916547687, -1.8952123269842, -0.817102172654153, 0.179638059908049, -0.0869513381429072, 2.02438539515447, 4.29946831161891, 3.48219464430911, 6.01618087982809, 4.85548680025348, 6.2966531425933, 4.59035439459333, 7.36407124105732, 5.09816698218419, 3.59263595186485, 4.47908856136202, 2.99130698550482, 6.07966932948465, 4.78573641101184, 1.29430076507996, 3.01949222304884, 2.9565403074848, 2.308957596871, 3.44223490836323, 5.00500632913781, 5.76900404593445, 4.28488522880579, 5.6956114353317, 5.78987213417883, 6.26942452326776, 7.41351600910948, 7.95125819456883, 7.50614411887448, 8.86270833442563, 9.64401291094451, 9.55501325056924, 9.09362447166638, 9.40241946109738, 8.44166153113515, 7.98504094734618, 9.09423415970745, 9.75647965580625, 12.0589107654207, 13.6918421588191, 12.1451397537556, 9.79439277130209, 7.55658391334642, 6.93568858446378, 6.00813174711993, 4.92524449004075, 5.35186051554266, 4.17082753508051, 4.27154863458849, 3.78769297352825, 2.52456648156323, 0.961031445319, -0.381729496884108, -2.43660619096824, -1.33667865914634, 0.190318702044749, -0.331640327594866, 1.10239180860352, -0.000702767841957552, -0.254812506308818, 1.43794808052944, 1.27179789339518, 0.741191143738922, 1.20797249554784, 2.26526216403255, 3.54297649408592, 4.34985445242874, 4.83916294932676, 3.80642165721814, 2.46573921031207, 6.09952523133717, 4.77924820478326, 4.27317878731904, 3.92723618957395, 3.75255333903969, 3.97688435979501, 2.68194540682568, 5.00265542743049, 6.4996904022881, 6.34240697727695, 3.18721974514036, 4.64369008831574, 4.13894670274068, 4.90410420572723, 2.59211725260554, 4.68234035488465, 2.41854011212552, 1.9799830335455, -0.754433156067271, 0.234010502818262, 2.45086971459942, 3.02912554202715, 2.33833002071693, -0.631953590754529, -0.0101119947757297, 0.943453232370067, 0.723144677634344, 1.29998617277302, 0.770936544724193, 2.33219880186343, 1.87132854487541, 1.64600394837194, -0.836099257083356, -0.0328624596832452, 0.14055349066305, 0.676315841135451, 1.37375241090882, -1.7347166066751, -0.551172183244421, 0.560986364682532, -1.33398899466485, 0.193390871196186, 2.85879613449736, 0.196374390831998, -0.871322061593262, 0.575594599774539, 1.79270884054541, 2.04720459728518, 2.08258449168134, 2.89041414872069, -0.0424649036549197, 1.46471637046524, 2.77352062050982, 2.65364191393231, 5.58114822575261, 2.16949586710458, 1.77998339577071, 4.13031307512913, 3.2462603623157, 7.72277459817043, 8.51878293481164, 8.74292252550109, 6.48716174155563, 4.28177260031547, 4.14582644382708, 2.83137649306706, 1.3901507924841, 0.630674847681643, 1.97615544196316, 2.26152949393321, 0.787211042789634, 1.0742629318317, 1.15918119429611, 0.163408041101702, -1.29526521736369, -2.16826763019105, -1.95213522825483, -0.477568557317283, -1.902984679647, -0.999747363867991, -0.720975500348614, -3.10593904762664, -1.38498719954054, -3.40698908307005, -1.11941931275579, -3.02723334652092, -4.21958809417283, -2.87882322412274, -1.99210558001575, -1.42804865557723, -1.83483602024126, -1.21680764491902, -3.98427077402353, -5.46687517675311, -6.17016267154143, -6.14378096865909, -4.04900269713108, -4.82886407538191, -3.91464649338154, -2.96079651231856, -4.25706800431231, -2.17427622365527, 0.434817724251795, 0.814390603517427, -1.93529139683398, -1.71326614746085, -0.27035346953799, -0.62991934691563, -0.324897868092837, 3.34091907053873, 3.15374155759584, 3.50765826014539, 4.75414252641559, 3.23670415860685, 6.31161586726912, 5.8629367279791, 5.09086304420918, 4.09300810886589, 1.77466275400482, 0.229434288085845, -0.780027540686932, -2.55418608698364, -2.86394551447205, -2.97016354626926, -1.89946962535116, -0.653765392169845, -0.963345703656921, -1.05386250539154, -0.781746616092399, -1.30905512226497, -2.32667670296997, -1.75199150837136, -1.91908202665252, -1.6370435588611, -4.13172564925159, -2.08639475646068, -2.45063622594901, -2.89442254670882, -2.95954303682462, -3.9687627195966, -3.98868765447329, -4.50197519111609, -4.77704129547592, -3.80089539245444, -4.71331493927252, -3.65753314417579, -4.65715467436185, -4.30871630876038, -3.9837451065011, -3.0243221144014, -3.87605741697516, -6.71135245897151, -5.60436208728271, -6.78483269641857, -5.81893932519767, -1.90234036726662, 0.374115603148486, 1.84800519479118, 2.99011529846915, 4.24214939895407, 0.61294954634628, 3.58669171578368, 2.81937663669903, 3.75295613369014, 4.11976161297379, 4.50381182156975, 5.00281266677431, 3.13608125155041, 3.63158572754508, 4.58176154617873, 4.47282600987829, 4.65348895799861, 3.79971373513936, 1.25876694591235, 0.412847524110455, 1.24245977591504, -0.734227569412631, 1.2404643346185, 1.39731642959691, 0.704200817664469, 2.68750958912736, -0.121331755098288, 3.09584865790561, 4.08190612618643, 4.71666584600159, 4.61189491620233, 3.4241548615467, 3.79444552432912, 2.54529402924592, 1.28297484881668, 2.77288430311456, 2.08077258130824, 2.59196654859606, 0.939619402789133, -0.0272018521886721, -0.395593217210724, -0.0767579933572151, -0.768084362957104, -1.7963503249914, -1.21917939622512, -3.37837282190574, -5.16294478114925, -5.85001269801211, -6.09116051380823, -4.46829713442022, -3.24040552771339, -3.91743105576062, -4.45817934862912, -4.15802414765628, -2.00363522753529, -3.15589156825978, -0.355925619643288, 0.371248694039529, 0.700720112768992, 0.496769023923921, 1.90364541436726, 1.98052811738202, 3.43859647365773, 2.75025062165802, 2.519740460483, 3.8445567838235, 4.21476525779829, 4.01469909637354, 4.36743703496118, 6.04880496286151, 5.49398517944102, 6.47321956820594, 7.23718264073271, 7.78557059076616, 9.3503855175192, 6.55283651957168, 4.34687049478184, 4.54316891547705, 3.27107889037108, 1.63816098391794, 0.714716055755179, 0.976290218753614, 0.263529037549827, 0.864280726993642, -0.658258029133211, -1.37412009244753, -1.14008315630525, -0.719219515499499, 1.00015268452977, 0.165439211435794, 2.83846314366237, 2.28486322053014, 2.35144904339089, 1.688681197078, 1.60425024248524, 2.6698751096387, 2.53254939594378, 4.91840370854622, 3.54575388084326, 3.3000938412131, 2.99769129159627, 3.3851854623336, 2.81646533765095, 4.89574734754641, 2.18453262381429, 0.698999613178792, -2.01458729379228, -1.38800736584231, -1.72930540012402, -2.45947726170936, -1.7527203215899, 0.101581719122579, 1.04077984594907, 0.0590883086058919, -0.250034044900175, 0.910899957463395, 0.290388701372164, 3.20151098257786, 3.55972197356357, 5.27591516939468, 4.51361328212565, 6.26861931236839, 6.38746386527039, 4.68161154216242, 5.54631828055027, 2.66441538389786, 5.1858239744525, 3.6819975213686, 5.46901571261523, 4.35819187465216, 4.43443258090439, 5.78701851391881, 5.88838805788984, 4.52592339255648, 3.51801524300878, 2.78026812735876, 5.034924321063, 4.07079842963292, 4.71565155053232, 5.66653929825577, 3.09364268716751, 2.59446792774923, 2.90378818295474, 1.33848057506355, 0.578924031355242, 2.76930762042561, 2.27286197860038, 1.25008134140172, 2.75386393719077, 3.50475609992734, 1.86679743690711, 1.47722160361375, 0.905657996840257, 2.74012702749565, 1.18384381727623, -0.320751405651495, -2.40375376292372, -2.61989989058878, -3.26274336016026, -1.30413538448054, -0.539134944237362, 1.58426569569391, -0.187175928974321, -0.739435503700282, -0.920197849385687, -0.85398703486404, -2.31854525056665, -3.0466941070333, -1.85454805087264, -0.931773673113636, -1.9765687909519, -1.22383628797974, -2.53312332949714, 0.285225295222914, -0.304318737187177, -1.68884523137507, -1.75740292804913, -0.712301567610992, 2.51763467710313, 3.88542114881572, 1.27532523439794, 1.19890062207739, 3.01799956980669, 2.25249995798156, 3.29405919395203, 1.97032808890301, 1.26556981997518, 3.30047706096567, 6.33619396207051, 5.29933599120883, 3.47462300486139, 3.67285018246772, 4.86105513561984, 4.43926100421361, 3.48197421540074, 4.99344489839593, 7.63040552000954, 5.66540417622757, 4.80240452702341, 5.42596185007147, 3.61152513649616, 3.54348859470036, 1.74269124594171, 3.75144593267575, 2.30180950380395, 4.92208855747565, 4.88800658754872, 1.74857953970989, 2.38151583079344, 2.74108135710701, 1.66002625367298, 0.403972205367312, 3.06429064725366, 3.12039773975878)
"tau_add" <- 0.479151556499274
"y" <- c(0, 3, 0, 1, 0, 1, 0, 1, 0, 1, 0, 1, 0, 1, 0, 1, 0, 1, 0, 1, 0, 1, 0, 1, NA, NA, NA, NA, NA, NA, NA, NA, NA, NA, NA, NA, NA, NA, 0, 1, 0, 1, 0, 1, 0, 1, 0, 1, 0, 1, 0, 1, 0, 1, 1, 1, 1, 1, 1, 1, 1, 1, 1, 1, 1, 1, 1, 1, 1, 1, 1, 1, 1, 1, NA, NA, NA, NA, NA, NA, NA, NA, NA, NA, NA, NA, NA, 1, NA, NA, 1, NA, 1, NA, 1, 1, 1, 1, 1, 1, 1, 1, 1, 1, 1, 1, 1, 1, 1, 1, 1, 1, 1, 1, 1, 1, 1, 1, 1, 1, 1, 1, 1, 1, 1, 1, 1, 1, NA, 1, 1, NA, NA, 1, NA, 1, NA, NA, NA, NA, NA, NA, NA, NA, NA, NA, NA, 1, NA, 1, NA, 1, NA, 1, 1, NA, 1, 1, 1, 1, 1, 1, 1, 1, 1, 1, 1, 1, 1, 1, 1, 1, 1, 1, 1, 1, 1, 1, 1, 1, 1, 1, 1, NA, 1, 1, NA, 1, NA, 1, NA, 1, 1, NA, NA, NA, 1, NA, NA, NA, NA, NA, NA, NA, NA, NA, NA, NA, NA, NA, NA, NA, NA, 1, 1, 1, 1, 1, 1, 1, 1, 1, 1, 1, 1, 1, 1, 1, 1, 1, 1, 1, 1, 1, 1, 1, 1, 1, 1, 1, 1, NA, NA, NA, NA, NA, NA, 1, NA, NA, NA, NA, NA, NA, NA, NA, NA, NA, NA, NA, NA, NA, NA, NA, NA, NA, 1, 1, 1, 1, 1, 1, 1, 1, 1, 1, 1, 1, 1, 1, 1, 1, 1, 1, NA, 1, 1, 1, 1, 1, NA, 1, 1, NA, NA, 1, NA, NA, NA, NA, NA, NA, NA, NA, NA, NA, NA, NA, NA, NA, NA, NA, NA, NA, NA, NA, NA, NA, 1, NA, 1, 1, 1, 1, 1, 1, 1, 1, 1, 1, 1, 1, 1, 1, 1, 1, 1, 1, 1, 1, 1, 1, 1, 1, 1, 1, 1, 1, NA, 1, NA, 1, NA, 1, NA, NA, NA, NA, NA, NA, NA, 1, NA, NA, NA, NA, NA, NA, NA, NA, NA, NA, 1, NA, 1, NA, 1, NA, 1, NA, 1, 1, 1, 1, 1, 1, 1, 1, 1, 1, 1, 1, 1, 1, 1, 1, 1, 1, 1, 1, 1, 1, 1, 1, 1, 1, 1, 1, 1, 1, 1, 1, 1, NA, NA, NA, NA, NA, NA, 1, NA, 1, NA, NA, 1, NA, 1, NA, 1, NA, 1, NA, 1, NA, 1, NA, NA, 1, NA, 1, NA, 1, NA, 1, NA, 1, 1, 1, 1, 1, 1, 1, 1, 1, 1, 1, 1, 1, 1, 1, 1, 1, 1, 1, 1, 1, 1, 1, 1, 1, 1, 1, 1, 1, 1, NA, NA, NA, 1, NA, NA, 1, NA, 1, NA, NA, NA, 1, NA, NA, NA, NA, NA, 1, NA, NA, NA, NA, 1, NA, 1, NA, 1, 1, 1, 1, 1, 1, 1, 1, 1, 1, 1)
".RNG.name" <- "base::Mersenne-Twister"
}

inits{
".RNG.state" <- c(18934, 28068, 16102)
"beta" <- 0.885669705411485
"mu" <- c(-2.36159261764093, -3.68945370946082, -1.83148645083029, -1.27324320197956, -0.325098780562336, -1.36906484877615, -1.81129624740319, -1.22555295814555, -1.14607518361793, -2.79224380327436, -0.943224690225113, 0.0882712533000802, -1.5609969768255, 1.51078164085854, 0.904142658018897, -1.33670616925314, -0.572202176262117, 0.357396941670542, 2.19048410558793, 0.900414470738576, -0.450026463594527, -1.92823943646981, -0.324507063883434, -2.17611133416821, -3.82388534227377, 0.602935803990975, 3.43286146941787, 2.18150641699431, 3.8368021676945, 4.65081204673546, 6.47003335315442, 7.7357637115366, 5.30230340297177, 4.62337931467106, 8.08580928934091, 6.57099127811434, 6.2247221154797, 5.87984394492269, 8.23270425139359, 7.97746671216012, 4.78044402587936, 3.32485330682371, 1.75212985550849, -0.241702600602478, -0.149056716169047, -1.7122139239103, 1.5625563693101, 0.469141914344004, -1.29844568764245, -2.12303455362016, 0.688179359798715, 0.48047337071248, -0.870642030118934, -3.18923585825457, -1.74427327742414, 0.246919172179304, 1.06475141760854, -0.833221802257759, -2.51334727298184, -3.29702317423152, -3.20289582949392, -1.88402333162149, 0.0819878964402895, -1.25169155865485, -1.85197373308138, -1.34065976153417, -0.259137194783139, -1.86435053349884, -4.25809044956215, -2.84723615251308, -1.18408312642498, -1.16513200371919, -1.1785764770666, -0.778719187198108, -1.71960220583408, 1.63408799210263, 4.45416155190546, 3.25444126490709, 6.06029876164132, 5.04895700275433, 6.31787805707749, 4.41439568645921, 7.33993305841778, 5.07398976225886, 3.56521303806941, 4.59267055760093, 2.47323455136863, 3.11034601220562, 4.70085522338931, 1.71520852790782, 1.46099933175104, 3.90233649893705, 4.76595058239126, 3.67189000781999, 2.09815420983416, 2.47371868873414, 0.076583297036704, 0.135312184707701, 1.21158965958469, -2.79277882850957, -4.99506223114335, -5.2714663651396, -4.85910147726446, -1.7886820109292, -1.38826773050274, -2.97978306840462, 0.323461143005683, -0.0311388922230529, -0.957467283658476, -2.88852555535716, -0.794255595182577, -0.050423533113494, 1.6464060576225, 0.355250963603796, 1.97182444842284, 1.99557814428258, 1.63117667333698, 2.28171891756119, 3.29923847036155, 3.54290366428735, 2.51410217272507, -1.95508010069789, -0.550490307810226, 0.621756623393524, 1.07756530787276, -0.85603865431185, -1.8443196679452, -3.26616714735751, -2.81989582582999, -0.209416504693832, 0.155277649385217, -0.0625529093895087, 0.0353617860195392, -0.171900705818301, 1.78472803137579, 1.13333451422343, 0.184091452870729, -1.18829142531954, 2.14210188758535, 3.38554096192633, 4.38243727886012, 4.68970037010884, 4.0338968898087, 2.32968570898663, 6.13322011850238, 4.88394915955516, 4.23151807813986, 4.44339565056377, 3.8404508386121, 1.89346419624424, 2.53732032321421, 5.27161653710863, 6.53018617419247, 6.3561166891537, 5.40156924497007, 4.60751064931419, 2.2336834407069, 3.91962908976261, 3.91111034404465, 3.60174338051803, 3.7134671795217, 2.52419548421395, 2.16587727428106, 3.62867330550319, 4.08236458887621, 2.70122472592458, 0.599311214912497, 0.761759963308188, 1.57323619860117, 3.33296483947946, 4.13924089387066, 3.14190789565997, 2.78811431783077, 3.49115164376737, 2.359497986383, 3.59025142043685, 4.0555056816195, 3.78771588688874, 2.97880319708228, 0.73417045249653, 1.19588859626544, -0.424123587371061, 0.813037829817315, 0.358344369265025, 0.936092806396876, 0.172277152828731, 2.50643153223541, 2.22735379363694, 0.130725075697171, 0.389454047780941, 1.7005538597486, 2.64592879820815, 4.07663178586586, 3.0567601162851, -0.373361271984326, 1.04078950629858, 0.666516240826096, 2.360143212006, 5.56535307157784, 2.28642177050429, 1.87570028942345, 4.199802970087, 2.7932925243128, 7.71289319526931, 8.54578517673593, 8.73474055554882, 6.44067398548695, 4.12978028688884, 4.14602956854759, 2.99308653756294, 2.16869342771041, -0.136319134327482, 1.86711359326101, 0.541834857757014, 0.476017910962641, 2.36738780989466, 1.01214499946474, 0.000286126137551745, -2.77240212879054, -3.07004738627415, -3.37956721343214, -0.582369853528012, -2.31006811343481, -3.64606805438368, -0.689069805995066, -0.935670435767942, -0.24036238852708, -0.538762421506986, -0.580065190843745, -1.47100500050455, -0.274879441221227, -1.99353038843267, -1.58990704124525, 0.441011382482887, -0.220202235655469, -0.064353449942683, -0.490745704827513, -1.3751670564302, -2.16405839798609, -1.94026235477418, -1.6209015552863, 0.337195829139537, -0.682217795713251, -1.1862490908324, -1.97700054511259, -3.03984244989391, -1.13027997942084, 0.168567685136955, -3.67222092706125, -1.97615298487531, -1.88081002105536, -0.797060906154116, -0.148825250727767, 3.11525593749771, 3.23829767295458, 3.3244711907967, 4.81302915038064, 2.86328005788735, 6.34402016651281, 5.67969964820598, 4.93111471043518, 4.27590136303325, 1.94987972014957, 0.815937154440428, -2.35890139773417, -5.31274979305193, -6.86314846290325, -5.41599840591618, -5.53246265200374, -4.16693596382113, -2.62076508606744, -3.69235838222132, -0.856105885631066, 1.26034658643351, 1.31580053571672, 0.817714080801623, -2.48949345567899, -3.52718545323153, -3.59588951825759, -1.53602490294512, -1.95616797303187, -0.338187236014682, -0.691413363768012, -0.835240638980394, -3.17936945451012, -5.44770672909448, -5.74302692287422, -5.36404717536395, -6.0815802927427, -4.78994871362019, -8.73980605676239, -7.76016043375691, -6.20846597055537, -5.89628128427751, -5.57455441525811, -6.16040761683862, -2.80339146131283, -4.17152142867007, -5.79003208134482, -2.72708324700913, -1.32966889334411, 1.34423581349384, 2.91467765747433, 4.33979010961702, 1.33318482944469, 3.62212680658533, 2.40302839167824, 3.85129018018129, 4.31209083606333, 4.68885870771704, 5.13254339637195, 2.74471133627546, 3.65540660879241, 4.62537842214772, 4.20287281540315, 4.49288454080068, 4.01713252774733, 1.80679047411897, 0.43067574365822, 1.06301863243205, -0.513275127961029, -2.75953834855651, -4.36307936747966, -1.96533931619155, -6.02197730405504, -4.24787350287153, -4.46794437929014, -3.05654857826399, -6.94465589618257, -11.1898348332939, -10.5835395832069, -6.54816876164311, -4.22710833642026, -6.38555766343852, -5.26023547431288, -7.84763674851411, -8.86428774189048, -10.0167283955256, -6.02533852270952, -6.38176240153141, -5.07232411142725, -3.40022975346834, -2.32530382866639, -3.7990969472713, -3.28868810718193, -4.47074700222388, -4.70159371072861, -5.31378916452622, -4.38303912745429, -2.95586985504692, -2.33636635536306, -3.33137696180606, -2.93491221534772, -2.10669633811599, -0.831754387197199, 0.0989707492175206, 0.33854624596586, 0.701449021715501, 0.395239682087025, 0.873027087993164, 2.11874473429669, 2.59277885141981, 2.49322866026329, 2.11453337174785, 4.01913437079351, 4.25035482174536, 3.9535948213197, 4.38298936087455, 6.02111851324711, 5.49137835211488, 6.37655445307338, 7.2355498486354, 7.68051390066098, 9.36717150767465, 6.10727346991392, 4.16568554893104, 4.60997814091463, 3.4977185198176, 4.1606498913232, 1.73651064208061, 0.564098730274926, -1.5603841260822, 1.1531101200807, 2.47366205663678, 2.01512792484426, 2.87310945211744, 2.11368011493848, -0.238373068146064, 2.47769887534042, 2.44629686122992, 0.123836662258322, -0.416075720216503, 0.327933984596239, 2.13051640222139, 0.555170550189763, -1.1455300585881, -1.952730154184, -0.467849249191041, 0.623336553171129, 1.82031522663274, 2.15160291449215, 2.41097350555274, 4.60071860371436, 1.85941794694582, 3.07301185616202, 3.72667408435238, 2.06406237774124, 1.73295736998692, 1.20719186189668, 3.03404246674452, 2.18674543539622, 1.91015803413556, 0.449067304329886, 0.378430313762702, -0.332184475596974, -0.936725791142812, 2.70013403081005, 3.45466591598142, 5.14952337021601, 6.11031339883489, 6.27469965467188, 6.57550126573608, 4.86760899481829, 5.5024588257804, 4.1270678946075, 5.19841981088435, 6.83237980108407, 5.43145474126641, 2.92331433785461, 4.42873676295432, 6.1874055467648, 5.89407828169469, 5.32547495826414, 3.83067218559816, 3.62126781110075, 5.04629618184276, 3.89640592082638, 4.43693609790301, 5.61798748699931, 5.29003745182549, 3.04617554644863, 2.81195312402158, 1.51973988407789, 2.21907627979021, 2.89950242263856, 3.8293908579492, 5.58403100085462, 2.63491430262453, 2.49422159405487, 0.756619753026357, -0.407460958518017, -1.10488456241736, 0.060515347798485, -0.896201958727796, -1.49782030819691, -0.0697875823149529, 0.392309313713903, -0.0487016778410078, 2.20097954032444, 1.74767224675136, 1.52063537810437, 3.848800395879, 1.43387161334785, 2.31481217682671, 5.6761950133425, 6.17076469916859, 6.8255324727026, 4.24657062504559, 2.831976182533, 0.748901689188871, 1.39147930474192, 4.3985356928847, 6.39416290712061, 0.781402741640157, -1.75635309764569, -2.25938408469667, -0.357001545218975, 2.51553214794979, 0.400571425147624, 0.530490138504636, 0.309790644881292, 0.337789249870195, 2.63563507330294, 1.50404067904068, 2.19121657019795, 1.32361183516793, 3.4524374555266, 5.66120032845459, 5.35650941370785, 3.36176117619401, 3.9104601838382, 4.55762534866901, 4.46145190539978, 4.84930742472914, 4.76657592406271, 7.57758894004616, 5.71352639292452, 4.63123172742887, 2.36899826792798, 4.26905514440234, 2.12280378090779, 1.85098854429728, 3.43914179364443, 1.48291814586068, 0.247389822927276, -2.98282444140702, -1.56616367994514, -0.969005336635492, 1.28431330151657, 4.15627608148135, 2.83553507888262, 3.11217682063693, 1.80328133499606)
"tau_add" <- 0.359071100958584
"y" <- c(0, 1, 1, 1, 1, 1, 1, 1, 1, 1, 1, 1, 1, 1, 1, 1, 1, 1, 1, 1, 1, 1, 1, 1, NA, NA, NA, NA, NA, NA, NA, NA, NA, NA, NA, NA, NA, NA, 1, 1, 1, 1, 1, 1, 1, 1, 1, 1, 1, 1, 1, 1, 1, 1, 1, 1, 1, 1, 1, 1, 1, 1, 1, 1, 1, 1, 1, 1, 1, 1, 1, 1, 1, 1, NA, NA, NA, NA, NA, NA, NA, NA, NA, NA, NA, NA, NA, 1, NA, NA, 1, NA, 1, NA, 1, 1, 1, 1, 1, 1, 1, 1, 1, 1, 1, 1, 1, 1, 1, 1, 1, 1, 1, 1, 1, 1, 1, 1, 1, 1, 1, 1, 1, 1, 1, 1, 1, 1, NA, 1, 1, NA, NA, 1, NA, 1, NA, NA, NA, NA, NA, NA, NA, NA, NA, NA, NA, 1, NA, 1, NA, 1, NA, 1, 1, NA, 1, 1, 1, 1, 1, 1, 1, 1, 1, 1, 1, 1, 1, 1, 1, 1, 1, 1, 1, 1, 1, 1, 1, 1, 1, 1, 1, NA, 1, 1, NA, 1, NA, 1, NA, 1, 1, NA, NA, NA, 1, NA, NA, NA, NA, NA, NA, NA, NA, NA, NA, NA, NA, NA, NA, NA, NA, 1, 1, 1, 1, 1, 1, 1, 1, 1, 1, 1, 1, 1, 1, 1, 1, 1, 1, 1, 1, 1, 1, 1, 1, 1, 1, 1, 1, NA, NA, NA, NA, NA, NA, 1, NA, NA, NA, NA, NA, NA, NA, NA, NA, NA, NA, NA, NA, NA, NA, NA, NA, NA, 1, 1, 1, 1, 1, 1, 1, 1, 1, 1, 1, 1, 1, 1, 1, 1, 1, 1, NA, 1, 1, 1, 1, 1, NA, 1, 1, NA, NA, 1, NA, NA, NA, NA, NA, NA, NA, NA, NA, NA, NA, NA, NA, NA, NA, NA, NA, NA, NA, NA, NA, NA, 1, NA, 1, 1, 1, 1, 1, 1, 1, 1, 1, 1, 1, 1, 1, 1, 1, 1, 1, 1, 1, 1, 1, 1, 1, 1, 1, 1, 1, 1, NA, 1, NA, 1, NA, 1, NA, NA, NA, NA, NA, NA, NA, 1, NA, NA, NA, NA, NA, NA, NA, NA, NA, NA, 1, NA, 1, NA, 1, NA, 1, NA, 1, 1, 1, 1, 1, 1, 1, 1, 1, 1, 1, 1, 1, 1, 1, 1, 1, 1, 1, 1, 1, 1, 1, 1, 1, 1, 1, 1, 1, 1, 1, 1, 1, NA, NA, NA, NA, NA, NA, 1, NA, 1, NA, NA, 1, NA, 1, NA, 1, NA, 1, NA, 1, NA, 1, NA, NA, 1, NA, 1, NA, 1, NA, 1, NA, 1, 1, 1, 1, 1, 1, 1, 1, 1, 1, 1, 1, 1, 1, 1, 1, 1, 1, 1, 1, 1, 1, 1, 1, 1, 1, 1, 1, 1, 1, NA, NA, NA, 1, NA, NA, 1, NA, 1, NA, NA, NA, 1, NA, NA, NA, NA, NA, 1, NA, NA, NA, NA, 1, NA, 1, NA, 1, 1, 1, 1, 1, 1, 1, 1, 1, 1, 1)
".RNG.name" <- "base::Wichmann-Hill"
}

inits{
".RNG.state" <- c(1883064949, 664587197)
"beta" <- 0.886266971194166
"mu" <- c(-2.10793315315696, -1.3258123886059, -2.26910130715842, -3.43899605494797, -3.42549992365235, -3.36443166352743, -4.67117181123489, -5.6406827517217, -6.45304952612456, -2.52652614912587, -1.74604226060983, -2.66800555903039, -4.64627770744784, -2.56515261916266, -3.28492170032744, -2.25553945822855, -0.509777591853852, -0.356938935378049, -1.17616340473993, -2.41175469406596, -0.992910258309613, -1.39093973048766, -0.829955037406701, -0.417574501301696, 0.264204337892886, 1.10196370839229, 3.65628886253579, 2.2491297374914, 3.74660007472028, 4.57246904960696, 6.52306838054045, 7.73933862024502, 5.44395207582369, 4.49081412518159, 8.05928483762773, 6.43184760623571, 6.25048657708986, 5.95671602083141, 6.84808155691861, 6.63195515327158, 5.60978362431057, 8.37034974917445, 7.76840894758749, 3.94484200109465, 5.12403031139463, 1.57410387968616, 0.541362125094967, -0.887130182414918, -1.45908648539908, -1.92271143070619, -3.27043227349215, -2.86541181736507, -3.10772777308682, -3.73186291695324, -2.87919575492375, -6.11672633682074, -4.57123727548645, -2.8774504516313, -2.12371836630659, 0.183884991458598, -0.188347269690243, -2.59971169975552, -4.55892630173048, -3.08315600256207, -3.27551308767017, -2.09355777264991, -4.50883612462641, -4.64016473917451, -7.68647810369942, -6.6652227828777, -6.87354344047029, -4.57949619557881, -2.39126139172745, 0.0883365495443496, -1.10732191285768, 1.93732627693439, 4.31427101994506, 3.48443580722264, 6.03477701932804, 4.90485840407371, 6.23109898733934, 4.4073037238108, 7.29525190083029, 4.91788540814758, 3.76937882659066, 4.53289696741697, 2.78067685928892, 6.8353789293626, 4.73805147623645, 0.799005738491843, 2.037110739744, 2.90511777229645, 5.38889299069891, 3.26564698203999, 0.678344185285056, -2.8337832115139, -0.376188678149262, -0.654988446537155, -0.683230608798384, 1.26045798200123, 1.22615980116859, 3.18208003986931, -0.276365880301296, 0.094616571285681, 2.39212883090199, 2.28551103009967, 3.03233633478662, 2.32720236598477, 0.889235081925651, -0.449132129647337, -0.266903155001139, 1.61924616656803, 3.31708038266197, 2.87919119275051, 1.72834009613575, 2.96788277838448, 2.34885557260867, 2.83135142504726, 3.56135326740306, 0.962125117049309, 0.377253029622825, -1.31330154000264, -3.11459532160532, -1.61267180415571, -1.96411960551687, -2.44024098465297, -2.89560823656419, -0.348217944077159, -0.937104762187861, 0.37268795260283, 1.97315292544006, 1.03983823001728, -0.211922535198489, -0.563279659148017, 1.25241680516397, 3.20643898847731, 0.24687179686988, -0.327437451811313, 2.52056107114211, 3.40029868088542, 4.37503555768717, 4.81181365137637, 3.89082860737923, 2.46393340799077, 6.11639474216819, 5.00815932147293, 4.37387645671436, 6.31199295781071, 3.56757026954538, 4.45698530539829, 2.78258847501833, 4.64812129006255, 6.50334042796726, 5.36579800034381, 4.04064770178087, 4.79019318592892, 1.72592981828424, 1.67176450474743, 2.65838561610165, 2.85600555124468, 0.365337414999548, -2.82976482282243, -2.68676382449993, -2.69080008428176, -3.96765971537821, -0.854549797662353, -1.22321277176759, -3.27918464800142, -2.26779788833267, -1.61731189588567, -1.23432396689966, 0.867392699660822, -0.983157867198012, -2.24201538778399, -4.38317965877578, -3.178563890089, -3.20141537472075, -4.1802571677556, -3.20130664014825, -2.94423770435833, -1.53579062179518, -0.898517671171071, 0.943339256348057, 0.445683103278028, 3.40324474931895, 2.22069712338442, 2.4511458187082, -1.11348675817972, -0.623076179879554, 0.675961780263721, 1.97535968694305, 4.92442235396467, 4.38969243779492, 2.83061476004533, 1.1966717323985, 1.25266285648178, 0.244092591737783, 1.96248327516897, 5.52622075465195, 1.88016024256173, 1.99503028933789, 4.36918834529783, 2.5447644240372, 7.70249685293645, 8.5339083369688, 8.7513879082986, 6.51762594396528, 4.09190971555369, 4.02129514329202, 3.08789946071954, 2.03762677486441, 1.40928054099333, 2.21997467752692, 0.500840418608346, 0.0929874600884604, -2.66764354727573, -1.02139124173951, 1.15593945653539, 2.50433711317258, 2.88873504186152, 1.86809369699637, 3.1750406947298, 0.391808493323731, -0.907418672614028, 1.90278374862791, 0.336725565858314, 1.0866560927679, 4.01565855606131, 3.66985207353511, 3.27055827916986, 2.40062478289304, 1.6126586052258, 3.1958052573901, 3.48621098405608, 1.69359026313029, 2.74699199785716, 1.07667431226478, 0.765871019478371, 2.092877179324, 2.81742888940723, 2.15260997810604, -1.61296880282989, -2.31825950204115, -2.89251676938275, -5.63255310198016, -5.14953496403616, -4.14835671775989, -2.36840443200194, -3.06148032214874, -4.57484596270718, -1.37412414317882, -0.946547957347173, 0.00700285013646007, 3.37590896084095, 2.87152961675296, 3.63276457894052, 4.74010852733389, 3.0958128677579, 6.4083370964642, 5.97949240140511, 4.90795990550882, 4.16878279974438, 2.18969265320076, 0.982466952139545, 0.23515624332916, -2.99665460448865, -1.32480750364271, -0.952431502011491, -0.540122373608448, -1.61281341617351, -0.837119750089291, 0.513076674328016, 2.57539100169802, -0.840730769004113, 0.521522497342596, 2.27369795630844, 2.33534345211785, 3.75473980966572, 6.29354250845272, 3.67395311480761, -2.13692851416634, -0.198910087879577, -2.1172780663052, -2.01191795312535, -3.89148473196477, -7.01721921977105, -8.21061411749871, -7.05732684401061, -10.6349331248102, -9.7002578156118, -9.38820571630936, -6.11355538901255, -3.36158866278409, -4.46998351439508, -2.95260444168004, -3.12602187308106, -5.24516754902917, -3.24282821956113, -2.46607958122921, -0.719641766361491, 0.217260417382414, 2.00610868596266, 2.77086968234227, 4.33608144645153, 1.48699348236091, 3.7776804345378, 2.61596674365268, 3.60163459405485, 4.1493275671945, 4.62120271783951, 5.10225851288906, 3.22563706119497, 3.73702619751132, 4.32383921354671, 4.2333378139755, 4.5935091435729, 3.86576236237129, 1.02318977985479, 2.49422330410656, 1.54169160409504, 2.30964417388319, 2.06872736328038, -0.849097952527039, -1.19294977114361, -1.11386937748312, -2.37384714035091, -1.14036287826515, 0.574535881647344, -1.08552294552911, 1.92877896235499, 3.06112109223103, 0.0161777165603332, 2.4773526884107, 1.36326018009047, -1.23839889105247, -0.674353153771539, -2.11842555574075, -1.50781640971862, -0.496232505722484, -3.1742917582654, -3.19730394551238, -1.98010499907299, 0.266911311746493, -0.893392899986098, -0.937728313811091, -3.32338215904182, -5.76412557895129, -4.08309230493138, -4.5832487176531, -6.26260870454515, -6.98950904793001, -5.54617797726133, -3.91475797519121, -3.23648841044826, -3.19295071220877, -2.35569596678122, -0.931805168627502, 1.31903340781738, 0.160649957419699, 0.31804616998132, 1.68422427696316, 0.181782281580637, 2.40611529706361, 2.17340707445705, 3.96799849751071, 4.33825142188496, 4.00291810551616, 4.44395866027698, 5.96854121936962, 5.33253380830777, 6.48245041300387, 7.17923878724862, 8.39514794647507, 9.35036651583386, 6.70329674467665, 4.22116249285388, 5.20672853826261, 3.51683899559721, 2.90986560268141, 1.49731640134175, 1.97099988581525, 4.50421884003719, 1.63358785509153, 0.437595202617511, -2.49880686655485, -1.50170466539375, 1.18419234012963, -1.49130042877723, -1.59740057272159, 0.650201349642166, -2.84229972968159, -3.56653227226956, -3.87882587780986, -4.34721134418239, -5.01082060917209, -4.71680924916772, -5.22444935303053, -3.95146662364147, -6.52450790247542, -6.37373626057073, -5.00280230265781, -0.538417220501289, -0.231143845414743, -0.490387455594776, -1.26151377386717, -1.73032727366516, -2.36901505101432, -3.79869713110977, -3.02269233608742, -4.94255086686308, -1.85971060064537, -0.0728130507994913, -0.276264554535848, -0.150707801626171, 0.363016038554754, 0.284530649466536, 2.86250597305014, 3.19385907172874, 5.23323749352983, 6.22637772688696, 6.19223315996674, 6.20153312834177, 4.81931038796044, 5.61058133934048, 3.48310699651351, 5.23664873033547, 5.30182122562105, 5.48365226331693, 5.26125380048094, 4.44118274648946, 5.359385173256, 5.78718752940893, 8.15101658820008, 3.55161449687755, 6.05409019149626, 5.11633245490668, 4.15535183739293, 5.51486326985627, 5.55942589563912, 1.12933833775827, 2.53858600389629, 0.925479426871908, 0.0711283400695109, 2.25827738853076, 2.51830510086083, 2.60404941851749, 2.67069855340828, 5.49715950582134, 3.38218523187191, 2.85045343998391, 2.11276643211063, -0.722067872888382, 1.2610542269172, 0.291847126990156, 1.32203468751235, 2.84807542552945, 2.77131583327433, 4.09302796786322, 3.89732520172521, 3.04754110159239, 3.34740336305886, 3.1127247533599, 1.15576245618349, 0.953868148023798, 1.43471501947493, 3.05763780045123, 1.53678045875113, 2.15523016876208, 0.372915050248866, -0.795265804738196, -1.4134127970908, -2.5448167052877, -2.71331527319297, -1.78718145183444, -1.62737024239446, -1.96821832307595, 0.145142126113914, 3.08718843115505, 2.69357048972286, -0.390090848106873, -0.233289285971998, 1.02487975226542, 2.1800350910545, 2.51543434900527, 2.6192907503676, 1.87465454181792, 2.99084520589294, 1.08101423347072, 5.3137922955164, 3.04274956484921, 4.04204765418018, 4.85901660418223, 4.46147694998386, 4.78411434789909, 4.86743536173167, 7.62638684154621, 5.69918787113817, 4.60075268397443, 2.74309018477334, 3.98494464178244, 2.79945793330953, 1.78757532422329, 5.97649280863899, 5.56543266731165, 2.66758899807845, 4.43393616546203, 3.3257763220781, 4.98224553707277, 5.14521699106501, 5.45466479440862, 3.99499859997019, 1.4008504593649, 1.85579089797868)
"tau_add" <- 0.376176414988575
"y" <- c(0, 0, 0, 0, 0, 0, 0, 0, 0, 0, 0, 0, 0, 0, 0, 0, 0, 0, 0, 0, 0, 0, 0, 0, NA, NA, NA, NA, NA, NA, NA, NA, NA, NA, NA, NA, NA, NA, 0, 0, 0, 0, 0, 0, 0, 0, 0, 0, 0, 0, 0, 0, 0, 0, 1, 1, 1, 1, 1, 1, 1, 1, 1, 1, 1, 1, 1, 1, 1, 1, 1, 1, 1, 1, NA, NA, NA, NA, NA, NA, NA, NA, NA, NA, NA, NA, NA, 1, NA, NA, 1, NA, 1, NA, 1, 1, 1, 1, 1, 1, 1, 1, 1, 1, 1, 1, 1, 1, 1, 1, 1, 1, 1, 1, 1, 1, 1, 1, 1, 1, 1, 1, 1, 1, 1, 1, 1, 1, NA, 1, 1, NA, NA, 1, NA, 1, NA, NA, NA, NA, NA, NA, NA, NA, NA, NA, NA, 1, NA, 1, NA, 1, NA, 1, 1, NA, 1, 1, 1, 1, 1, 1, 1, 1, 1, 1, 1, 1, 1, 1, 1, 1, 1, 1, 1, 1, 1, 1, 1, 1, 1, 1, 1, NA, 1, 1, NA, 1, NA, 1, NA, 1, 1, NA, NA, NA, 1, NA, NA, NA, NA, NA, NA, NA, NA, NA, NA, NA, NA, NA, NA, NA, NA, 1, 1, 1, 1, 1, 1, 1, 1, 1, 1, 1, 1, 1, 1, 1, 1, 1, 1, 1, 1, 1, 1, 1, 1, 1, 1, 1, 1, NA, NA, NA, NA, NA, NA, 1, NA, NA, NA, NA, NA, NA, NA, NA, NA, NA, NA, NA, NA, NA, NA, NA, NA, NA, 1, 1, 1, 1, 1, 1, 1, 1, 1, 1, 1, 1, 1, 1, 1, 1, 1, 1, NA, 1, 1, 1, 1, 1, NA, 1, 1, NA, NA, 1, NA, NA, NA, NA, NA, NA, NA, NA, NA, NA, NA, NA, NA, NA, NA, NA, NA, NA, NA, NA, NA, NA, 1, NA, 1, 1, 1, 1, 1, 1, 1, 1, 1, 1, 1, 1, 1, 1, 1, 1, 1, 1, 1, 1, 1, 1, 1, 1, 1, 1, 1, 1, NA, 1, NA, 1, NA, 1, NA, NA, NA, NA, NA, NA, NA, 1, NA, NA, NA, NA, NA, NA, NA, NA, NA, NA, 1, NA, 1, NA, 1, NA, 1, NA, 1, 1, 1, 1, 1, 1, 1, 1, 1, 1, 1, 1, 1, 1, 1, 1, 1, 1, 1, 1, 1, 1, 1, 1, 1, 1, 1, 1, 1, 1, 1, 1, 1, NA, NA, NA, NA, NA, NA, 1, NA, 1, NA, NA, 1, NA, 1, NA, 1, NA, 1, NA, 1, NA, 1, NA, NA, 1, NA, 1, NA, 1, NA, 1, NA, 1, 1, 1, 1, 1, 1, 1, 1, 1, 1, 1, 1, 1, 1, 1, 1, 1, 1, 1, 1, 1, 1, 1, 1, 1, 1, 1, 1, 1, 1, NA, NA, NA, 1, NA, NA, 1, NA, 1, NA, NA, NA, 1, NA, NA, NA, NA, NA, 1, NA, NA, NA, NA, 1, NA, 1, NA, 1, 1, 1, 1, 1, 1, 1, 1, 1, 1, 1)
".RNG.name" <- "base::Marsaglia-Multicarry"
}



######################################################################################################
######################################################################################################
#### Data 
######################################################################################################
######################################################################################################

data{
"y" <- c(NA, NA, NA, NA, NA, NA, NA, NA, NA, NA, NA, NA, NA, NA, NA, NA, NA, NA, NA, NA, NA, NA, NA, NA, 0, 2, 34, 10, 40, 103, 664, 2293, 220, 93, 3194, 677, 490, 347, NA, NA, NA, NA, NA, NA, NA, NA, NA, NA, NA, NA, NA, NA, NA, NA, NA, NA, NA, NA, NA, NA, NA, NA, NA, NA, NA, NA, NA, NA, NA, NA, NA, NA, NA, NA, 0, 8, 81, 35, 416, 135, 527, 75, 1553, 169, 37, 90, 15, NA, 106, 2, NA, 28, NA, 32, NA, NA, NA, NA, NA, NA, NA, NA, NA, NA, NA, NA, NA, NA, NA, NA, NA, NA, NA, NA, NA, NA, NA, NA, NA, NA, NA, NA, NA, NA, NA, NA, NA, NA, 0, NA, NA, 2, 1, NA, 5, NA, 2, 0, 11, 30, 78, 114, 50, 10, 460, 139, 79, NA, 37, NA, 14, NA, 645, NA, NA, 107, NA, NA, NA, NA, NA, NA, NA, NA, NA, NA, NA, NA, NA, NA, NA, NA, NA, NA, NA, NA, NA, NA, NA, NA, NA, NA, NA, 4, NA, NA, 14, NA, 0, NA, 7, NA, NA, 21, 2, 3, NA, 10, 272, 9, 8, 69, 15, 2226, 5062, 6269, 668, 70, 57, 21, 7, 2, 6, NA, NA, NA, NA, NA, NA, NA, NA, NA, NA, NA, NA, NA, NA, NA, NA, NA, NA, NA, NA, NA, NA, NA, NA, NA, NA, NA, NA, 0, 0, 0, 0, 0, 1, NA, 0, 0, 1, 0, 0, 30, 22, 32, 119, 24, 580, 337, 149, 65, 8, 2, 0, 0, NA, NA, NA, NA, NA, NA, NA, NA, NA, NA, NA, NA, NA, NA, NA, NA, NA, NA, 0, NA, NA, NA, NA, NA, 0, NA, NA, 0, 0, NA, 0, 0, 0, 0, 0, 7, 20, 72, 1, 43, 16, 40, 70, 96, 166, 22, 39, 96, 80, 91, 46, 3, NA, 4, NA, NA, NA, NA, NA, NA, NA, NA, NA, NA, NA, NA, NA, NA, NA, NA, NA, NA, NA, NA, NA, NA, NA, NA, NA, NA, NA, NA, 0, NA, 0, NA, 0, NA, 0, 0, 0, 3, 3, 3, 9, NA, 10, 11, 51, 76, 61, 77, 411, 224, 595, 1335, NA, 11541, NA, 65, NA, 33, NA, 4, NA, NA, NA, NA, NA, NA, NA, NA, NA, NA, NA, NA, NA, NA, NA, NA, NA, NA, NA, NA, NA, NA, NA, NA, NA, NA, NA, NA, NA, NA, NA, NA, NA, 0, 1, 0, 19, 32, 187, NA, 527, NA, 132, 243, NA, 184, NA, 241, NA, 82, NA, 346, NA, 43, NA, 162, 57, NA, 278, NA, 14, NA, 2, NA, 18, NA, NA, NA, NA, NA, NA, NA, NA, NA, NA, NA, NA, NA, NA, NA, NA, NA, NA, NA, NA, NA, NA, NA, NA, NA, NA, NA, NA, NA, NA, 0, 1, 18, NA, 1, 2, NA, 13, NA, 11, 6, 27, NA, 198, 26, 54, 113, 94, NA, 134, 1994, 297, 109, NA, 54, NA, 9, NA, NA, NA, NA, NA, NA, NA, NA, NA, NA, NA)
"beta.m" <- 0
"beta.v" <- 0.001
"N" <- 513
"x_ic" <- -2.30258509299405
"tau_ic" <- 100
"a_add" <- 0.001
"r_add" <- 0.001


}

######################################################################################################
######################################################################################################
