######################################################################################################
######################################################################################################
#### JAGS model file written by runjags version 2.0.4-2 on 2019-06-12 17:28:52 
######################################################################################################
######################################################################################################

model{
for(i in 1:N){
#this fits the blended model to your observed data. 
y[i] ~ dpois(m[i])
m[i] <- exp(mu[i])
}
#### Process Model
for(i in 2:N){
mu[i]~dnorm(lambda[i],tau_add) #mu's here are on log scale
lambda[i] <- beta[1] + beta[2]*mu[i-1] + beta[3]*Temp[i] + yr[year_no[i]]
}
#### Priors
mu[1] ~ dnorm(x_ic,tau_ic) 
tau_add ~ dgamma(a_add,r_add)
beta ~ dmnorm(beta.m,beta.v)
tau_yr ~ dgamma(0.01,0.01)
lambda[1]~ dnorm(x_ic, tau_ic)
#Loops through number of years and defines prior for each year 
for(k in 1:max(year_no)) {
yr[k] ~ dnorm(0,tau_yr)
}
}
#monitor# tau_add, beta, mu, tau_yr, yr

######################################################################################################
######################################################################################################
#### Initial values 
######################################################################################################
######################################################################################################

inits{
".RNG.state" <- c(368, -1978705229, -309489034, 720903203, 678790836, 1114331257, 675598209, 567258465, -231607546, 1325563342, -1303728925, -508359721, -162581241, 505472682, 726003933, 177999118, 2125715057, -781003089, 40215503, 1395175770, 96262217, 461203147, -394527356, 1756137039, 507133106, 978372670, 1147307870, -1833143863, -996316277, -1106117945, -27684504, 1416462151, -244150287, -1914544840, -272625627, 191630818, 1433694770, -1227835497, 1271230915, -506124790, 292353564, 202317889, 1315400405, -1104930025, -464733026, -1268789459, -1081162010, -1946890033, 879582243, -510577702, 1374015794, -1122873063, -370839594, -470405161, -180106775, 1366037674, -497381201, 679192087, 17553630, 650175003, 1534616070, 461297911, -346426397, 664086983, -676627305, 810787728, -1338642070, -1876762480, -960199344, -191019744, 73604760, 501571270, 723621969, -107743331, -230744242, -1696916840, 1506709440, -1148010642, -465160038, -208457783, -956843593, 565200385, 341780694, -973899526, 1110776295, 526465293, 658357323, -1104539072, 149186328, -1558816508, -1960966327, -665902638, 1863579615, 1182138992, -943262643, -118686798, -1381280006, 1495131677, 569830033, 1456233625, -798743050, 1068482152, -690284444, 1659911032, -1630801202, 1047667791, -429483687, -2054456789, -1138951156, 134580788, 648056865, 253697988, -455232591, -78787998, -1138151872, -108369146, 1300360092, -1292411919, 880474005, -501603557, 1606812092, -43811377, -778585289, 825923103, -1841752200, 940971488, -1342733601, -693043580, -1751217332, 1150899960, 691755802, -439138252, -2136829727, 2064845042, 1853160750, -460364093, -977203537, 531965540, 231636657, -142907051, 848050989, -1539547380, -593055980, -1807733523, 1895252011, -1791960447, 1267520259, 1847329707, 1188292036, -1216619543, 2114978869, -609491993, -712115164, 686069343, 519541319, 879249644, -1266646925, 1702616799, -1256823109, 916219796, 2117416198, 1313931867, -1739649033, 817933404, 442078108, 515598752, 839864693, -1091349726, 172283102, -1770122553, 1037402125, 260087820, 998466654, 954940686, -165450474, -1329509970, -2112524934, -422802662, -70985962, -1967042983, -55486197, 172497672, 569314581, 317347511, -1729151824, 1629806291, 1436091207, 1170783197, 1707097157, -1819822387, 1909964041, -1816195965, -1368251703, 363460042, -1391137225, -617904113, 1875845564, -695446353, 774767217, 376210683, 882002194, -413640205, 1819252342, -1346404737, 465032751, -1876179468, -1394753181, 1302199431, 383146051, -2049275634, 147885810, -1026758419, 1523221172, -1095594240, 100379221, -491990577, -77939436, -1450179529, 83094423, 1416364334, 1668797948, 2132848805, -790034243, 936134454, 1416687874, 1659550907, 1915122048, -1266013492, -748972093, -239689102, 605005347, 1105811596, -1238956797, -847005026, -84009345, 2133193792, -576235212, -996160090, -1413206329, 694430226, 1770965759, 1804761925, 767392714, 303411887, 1257579487, -1901150163, 1929267273, 2015423159, -43323365, -1307013447, -30626684, -92436233, 654423701, 538781769, -1187736957, -1650175672, -223283539, 1565861323, -822292882, 2078944733, -506793021, 1223166038, 1375638750, 2060656862, 2066868359, 1901557449, 2020791273, 1977008551, 603194972, -1880673809, 2002818000, -1059489531, -1322905835, 1108084280, -1974879993, -944825707, 723709092, -1114711462, -2026663634, -589956852, -1991145524, -1706255661, -1380739049, -741590340, 1803486876, -18322642, 1627950696, -187771585, -1286187670, 1107884722, 1063011723, -1010440874, 1300545223, 877291519, -1379131162, -1954101545, -1467072425, -1920112969, 1156927320, -1692379567, -249018693, -1622411050, 757634423, -1754230406, -1851298158, -940964264, -1469704685, 1668719403, 1668777332, 245007546, -1847535281, -26120637, -750543000, -697653852, -1674549729, 952471307, 98453494, -1987532589, -1433492255, 1524720693, 875932261, 1410906306, 1382475719, -812444285, 2053073741, -1024765787, 950922112, -1195970280, -13939304, 581338202, 1365346922, -227319487, -229979230, 1628977397, 1289530616, -893081511, 875361427, 1550490601, 4233826, 528546257, -507080428, 1568235508, -413180366, 1106793998, -289748218, -986614132, 154806071, -1382577661, 1631028222, 1032783552, -1183807711, 399148026, -1935649947, -257912643, 2073794345, -717850988, -1615708001, -1602180119, 595445015, 1064337821, 854046444, -1827692632, 1084828999, 578274665, 432821746, -1509564277, -494896807, 1640081190, 281751079, 1851755874, 197242725, -1597281693, -1583056609, 292955767, 1492662593, -996400958, 1016916399, 226770783, -1441758888, 2104007854, -1948179675, -1935386985, -1728762879, -924290477, -296713629, 1194115202, -565242566, -1537530452, 169232342, -757675608, 500090568, 142434844, 731135189, -105888132, -1082941751, 1154980585, -1488195657, -1431396637, 1843167230, 1035954501, 2063169800, 1786900248, 1496657006, 1572364294, -955183066, 1274280572, 402956644, 333898687, 1490950002, -1051230773, -1963155428, -233906037, 185774007, -212438661, 1800843990, -687843570, -1043379380, -1638048964, -527489428, -1063946093, 955840015, 720269841, -2031888365, 2098870089, 528014615, 1954485898, 1363189479, 2009420912, -309440845, -1711965245, -1656658910, 1324934085, 413870595, 1871938893, 1387644278, 433693606, 912465288, -150971812, 1745341846, 1854620050, 1927624646, 1291488606, -1623820376, -275286783, -1746425379, -309673388, -1033646211, 747966002, -1582511674, 895529336, 27455964, -1791416981, -133931909, 1740838747, -1674793745, 1184811925, -2026902443, -579913723, 824121928, 1732692230, 271410635, -1138281971, -879435954, -2039325855, 1259370356, -1657751367, 964026014, -443368107, -1474946636, 319179642, -737611718, 549006894, -1223134500, -2101776153, -1888084420, -1849389226, 1765406163, -1898092505, 2125629393, -219297757, 907783428, -825744377, 415693523, 674418541, 1049926503, 541959012, 1112196219, -1575593148, 1084774559, 1846924980, 1350661921, -1175580160, 1027510930, -1455667412, -2053238254, -419767833, 81688782, 1874941475, 1984012754, -188505026, 417329171, -663778756, -1980455936, -1736418713, -1519415103, 941025542, 189046702, -2116152782, 1481255729, 1871137070, -713625236, 1206910558, 1334636177, 346489340, 921685213, 1293956790, -1917014854, -2099222195, 1565579735, -637079448, -163857152, 983357871, -507536389, 50053735, -482005265, 1677352590, -73330189, 1828733967, 1525373072, 2028557702, 1233749716, -207634263, -202704206, 504520083, -1959331966, 1997010096, 2111158741, 1352453560, -1484457771, -250530438, -1934460671, -375580412, 568484867, 848220309, 1892865429, 1608235747, 234416409, -1139519242, -1067011308, 1109255257, -86818105, 1617916821, 1260547093, 1388767149, -2016735071, 712888977, 1946405601, -104320146, -1925591086, 1328118054, 1089672754, 1093780332, 2076220663, -1603162022, -1897158032, -569158456, 1150916279, -698476384, -155607495, 406354378, -334564994, 2019428763, -1598343676, -810011738, 645714173, 1702705853, 1550018606, 831670243, 514459956, 1863539416, -1036224241, -1548476526, 650762054, 1648381938, -340922877, 1922107244, 505976732, -2099121333, -159228966, -1635252206, -428911556, -1903910470, 268346393, 873429364, 1177979271, 546125845, -19024835, -713828746, 1271522733, -1285848277, 488238809, 1967908221, 2097917802, -1166066583, 1951145515, 1885246725, 566846085, -620726302, 417177698, -1334046851, -157204599, 1498126906, 484286069, -871333531, -970297772, 383278861, -283518645, -1900236621, 764606835, 105661502, -953365437, 1292031842, 957509510, 1997836616, 1990296421)
"beta" <- c(0.00594179789784181, 0.120890656879187, 0.118723395188304)
"lambda" <- c(-2.30258509299405, NA, NA, NA, NA, NA, NA, NA, NA, NA, NA, NA, NA, NA, NA, NA, NA, NA, NA, NA, NA, NA, NA, NA, NA, NA, NA, NA, NA, NA, NA, NA, NA, NA, NA, NA, NA, NA, NA, NA, NA, NA, NA, NA, NA, NA, NA, NA, NA, NA, NA, NA, NA, NA, NA, NA, NA, NA, NA, NA, NA, NA, NA, NA, NA, NA, NA, NA, NA, NA, NA, NA, NA, NA, NA, NA, NA, NA, NA, NA, NA, NA, NA, NA, NA, NA, NA, NA, NA, NA, NA, NA, NA, NA, NA, NA, NA, NA, NA, NA, NA, NA, NA, NA, NA, NA, NA, NA, NA, NA, NA, NA, NA, NA, NA, NA, NA, NA, NA, NA, NA, NA, NA, NA, NA, NA, NA, NA, NA, NA, NA, NA, NA, NA, NA, NA, NA, NA, NA, NA, NA, NA, NA, NA, NA, NA, NA, NA, NA, NA, NA, NA, NA, NA, NA, NA, NA, NA, NA, NA, NA, NA, NA, NA, NA, NA, NA, NA, NA, NA, NA, NA, NA, NA, NA, NA, NA, NA, NA, NA, NA, NA, NA, NA, NA, NA, NA, NA, NA, NA, NA, NA, NA, NA, NA, NA, NA, NA, NA, NA, NA, NA, NA, NA, NA, NA, NA, NA, NA, NA, NA, NA, NA, NA, NA, NA, NA, NA, NA, NA, NA, NA, NA, NA, NA, NA, NA, NA, NA, NA, NA, NA, NA, NA, NA, NA, NA, NA, NA, NA, NA, NA, NA, NA, NA, NA, NA, NA, NA, NA, NA, NA, NA, NA, NA, NA, NA, NA, NA, NA, NA, NA, NA, NA, NA, NA, NA, NA, NA, NA, NA, NA, NA, NA, NA, NA, NA, NA, NA, NA, NA, NA, NA, NA, NA, NA, NA, NA, NA, NA, NA, NA, NA, NA, NA, NA, NA, NA, NA, NA, NA, NA, NA, NA, NA, NA, NA, NA, NA, NA, NA, NA, NA, NA, NA, NA, NA, NA, NA, NA, NA, NA, NA, NA, NA, NA, NA, NA, NA, NA, NA, NA, NA, NA, NA, NA, NA, NA, NA, NA, NA, NA, NA, NA, NA, NA, NA, NA, NA, NA, NA, NA, NA, NA, NA, NA, NA, NA, NA, NA, NA, NA, NA, NA, NA, NA, NA, NA, NA, NA, NA, NA, NA, NA, NA, NA, NA, NA, NA, NA, NA, NA, NA, NA, NA, NA, NA, NA, NA, NA, NA, NA, NA, NA, NA, NA, NA, NA, NA, NA, NA, NA, NA, NA, NA, NA, NA, NA, NA, NA, NA, NA, NA, NA, NA, NA, NA, NA, NA, NA, NA, NA, NA, NA, NA, NA, NA, NA, NA, NA, NA, NA, NA, NA, NA, NA, NA, NA, NA, NA, NA, NA, NA, NA, NA, NA, NA, NA, NA, NA, NA, NA, NA, NA, NA, NA, NA, NA, NA, NA, NA, NA, NA, NA, NA, NA, NA, NA, NA, NA, NA, NA, NA, NA, NA, NA, NA, NA, NA, NA, NA, NA, NA, NA, NA, NA, NA, NA, NA, NA, NA, NA, NA, NA, NA, NA, NA, NA, NA, NA, NA, NA, NA, NA, NA, NA, NA, NA, NA, NA, NA, NA, NA)
"mu" <- c(-2.42670503284774, -0.219647543542581, -0.326287339760193, -4.00113138408291, -1.43874140953853, -2.20024153675794, -0.217102965095227, 0.350703357061899, -1.0840753324735, -1.69963946538117, 3.19501338882464, 3.61641663691453, 1.15908803731869, 3.89025362331326, 1.53985100259867, 4.1834410384252, 4.08246397993942, 2.31006818646994, 5.00668346002719, 1.22230027024591, 5.91855479733526, 7.62457580042188, 3.37533555738596, 3.00991247169883, -1.18579449851001, 0.868280403102609, 3.59421223202661, 1.98895257150691, 3.8927041663752, 4.36693362416558, 6.55351135476192, 7.73100087581038, 5.50894119496302, 4.74251395298981, 8.02394512424666, 6.53537572935583, 6.20432146062469, 5.82941660270546, 5.00560687011017, 2.70432780734975, 0.693211032733175, 2.39549287155905, 7.50465795678159, 3.35886522317218, 1.90155383575911, -0.937042937864876, 3.64674684539995, 2.87176381824341, 0.110977568169187, -3.12804264497697, 1.18499994593157, 0.642713163425987, -0.308457628989729, 1.04340835987354, -1.00825018618134, -0.518540033603919, 2.0089176652225, 3.60415943799267, 1.85374530046346, 1.156548813187, 2.42434831369182, 4.47070138613123, 1.22497012363947, -3.07744678024662, 2.67501250290445, 3.82979859917889, 3.93973744145131, 3.05293785705396, 2.08555367174338, 2.12215991137817, 3.74963979809272, 2.00492777318749, 2.73527330403228, -1.40684678535309, -1.24150861453938, 2.15539224149337, 4.55444456003254, 3.61121940900816, 6.06042815648249, 4.91673389513002, 6.31012362222517, 4.41889474527454, 7.39872630319513, 5.16189900736154, 3.51712464178202, 4.42835791692626, 2.84880534961479, 2.77493521574815, 4.67384066161789, 1.29033612921764, 6.0721752335715, 3.44542879565241, 3.97720785278185, 3.43632350288317, 10.0548105633572, 6.32289138001589, 5.78289820094054, 5.64093093248649, 2.31148044590958, 2.93572064324905, 5.87941759056328, -3.32125063793049, -1.53341379294296, 3.88586559679671, 3.99787707119247, 1.7185674322007, 0.500507305303428, -0.399044940551043, -4.04468312549532, 3.66374588462483, -3.52924174861189, 0.085736490907664, 3.09789264160961, 3.94252881403103, 4.64063461564299, -1.48061395306709, -6.66979662188854, -1.37721155951643, -3.81215092230953, 0.00339968504428367, -1.20062097543031, 4.14000602712087, 2.70941040393225, -0.433017098649083, -1.03318997403995, 0.987250228889855, -0.9076246095702, 3.99490488249302, -0.309684730614941, 3.31984567882053, -1.52800431496877, 0.00430190551880283, -1.24181490209168, -0.0678400463457121, 1.40992689472207, 1.46954144578319, -0.663622118519411, 0.308607399956715, 1.75077637441379, 2.97452405990041, 4.32940513952017, 4.80683543770965, 3.84249908164845, 2.4004912173267, 6.14950827949616, 5.00422480037905, 4.0508590485793, 5.89208627023798, 3.68886918887697, 1.21675714258029, 2.64236090467127, 3.20237054215073, 6.45111261735173, -0.55010966321344, 1.36453409013788, 4.66356894349412, 5.38695377445265, 1.51932202661152, 0.958182120984184, 4.11921927715686, -4.60082686528353, -0.134444377395014, -0.901962054821467, 0.409693440072885, -0.281051175162912, -1.20156610360503, -3.58541320020545, -1.1125325447218, -2.35948338598956, -3.48655313588251, 0.175756579642702, -0.181596172056396, -0.0127273048302373, -3.0292203600185, 0.272299525351411, 1.63403006852148, 0.673196156975824, 5.86280121168583, 1.66082760844528, 2.39455870806681, 2.52442788559291, 4.22821798174516, 3.36507010944807, 1.33780867653014, 2.67729532234539, -3.70633183054382, 2.79877708488957, -1.26281952832051, -1.63175414700577, 2.01424071182439, 2.58732346177609, 2.18643708419192, 4.60180298974515, 3.2422409988832, 0.920479378967916, 1.4872132713453, 1.13236587054572, 2.29637218525024, 5.57823168620235, 2.2692021972575, 2.22127185498998, 4.33389452175011, 2.43890492576382, 7.69644019430215, 8.52465673510729, 8.73236391045561, 6.49918154886277, 4.06629732429673, 4.04308579448881, 3.16193190134024, 1.50085574129966, -0.104854372216291, 1.47867057781177, 3.18142921152493, 2.89486323752765, 0.888973567688396, 4.77256277631973, 0.625727336057982, 0.139956444621575, 0.781359418408863, 0.729981348932205, 1.52163847376399, 7.15651279923908, 0.142679433934623, 2.21200905663568, -6.32212768838321, 1.58983053999636, 1.54404487853515, -3.85624029804098, -2.91318576781694, -8.48007268831102, -2.6924822890659, -3.58509130094827, -0.302088384082719, -0.0822670536164936, 2.49037584239279, -4.76588938159099, -3.40209763607077, 0.21627644828242, 1.82396513597603, 0.634692425170302, -0.00991455468224123, -0.98948401904174, -2.08972333712275, -0.466025341651831, -0.0304577894166034, 0.0921977466545001, 3.80721581801799, 0.018854408288972, -0.995259528762128, -0.387981174731513, -4.89705514976519, -2.65654125329406, 3.40224533115214, 3.19465536402143, 3.5779745428548, 4.82279819093663, 3.50350588323295, 6.31047643372273, 5.8433047904458, 5.07456737951687, 4.116078543773, 1.95826722102367, 1.64854148460494, -0.62383817480907, -1.53703242735315, 3.99246032424757, 0.0727223202156352, -3.22722520416618, -3.40764559284643, 4.51289423810367, 0.655525826095721, 1.15049069724606, 2.20352839201112, 1.31604981821687, 1.02434742400748, -1.9908719787406, -1.08711228853414, 0.248751574193822, 0.61299997977735, 0.73391169558955, -5.27315060489297, -0.165666309090468, 1.00936149822828, -0.742705637223225, 1.9942479389672, -4.99166851906135, -2.26073285386648, 2.81970910881306, -1.46126734192853, -1.6684669622947, 0.875965423397558, -1.14713249121039, -3.30014014473002, -0.410160561910324, -2.27001025707717, -2.43104058880511, -1.79306963623844, -4.20341410727167, -0.301119092557367, -0.677459990252579, 2.14120386644833, 2.77778961488355, 4.247818253967, 0.663192555882901, 4.08202680791269, 2.96629885873084, 3.71374713661296, 4.28298097413483, 4.53343899836675, 5.14526111298589, 3.04302954396952, 4.0966874281496, 4.61624247321019, 4.61953798825467, 4.52418080781343, 3.84838926632112, 1.29306169481586, 2.73979132642956, 0.215539863759567, 1.94256320612864, -2.71750433668258, -1.45964333176957, -1.87606979998234, -2.21900499824375, 0.957049385649949, -1.02969272364686, 0.219088346996633, -3.50163957438083, -5.07918213517425, -4.40367835134856, 4.25505671650364, -4.92336406345123, -2.8226732408226, -1.77084682598874, -4.37421768553868, 4.35464950244467, -5.66127151696309, 0.618011611427796, 1.53887865258174, 3.59218869668118, 2.04223698322244, -5.71370851677328, 2.49927334743212, 0.657122204887596, 1.38302521177702, 0.472847877743694, -5.73187775780686, -2.9594779364929, 0.442667850025872, -1.79630693600849, -0.121337456621633, -1.28298789809822, -1.00562657652627, -2.51422999401317, -0.363586406527477, -1.74678960445268, 0.769315753088554, 1.26147878615244, 0.795554088013923, 1.68160991712583, 2.8800527313299, 2.39907284917633, 2.42248148561094, 4.13377830877054, 4.42307113180603, 3.92815481550747, 4.46999299023537, 6.01604973118598, 5.50728078932197, 6.35978340291939, 7.21277444655932, 0.361456711269995, 9.35581848417136, 1.64205875533725, 4.41665811809278, -0.153978798649054, 3.45717363276219, 1.45666175388947, 1.39333228107651, 2.14089023252027, -0.152158271032067, -1.54912411171327, -2.48632137507573, -1.37325409534482, -3.63176051047952, -1.20990637636907, 1.05329522321332, -3.41828690193606, -3.23719202920907, 3.34725831951779, -3.85591683616211, 4.76771930035863, -2.8608068662916, -1.43121592716468, -6.0386470514368, -3.47531142003787, -1.97601125219464, -0.0378777949624539, -1.92206695963381, -0.0567945825765723, -1.23848306716115, 0.103276534150792, 1.56120988832612, 1.3814024650943, 1.23319407360488, 0.416815925329464, 4.63486369626844, 3.74839703783946, 3.81409746216095, 0.027570454201322, 0.324383675397672, 0.237673686328373, -0.52512737560768, -0.502933433068248, -0.300155007841461, 2.9541890646504, 3.37050522643644, 5.24865960151876, 4.84557113010899, 6.28127753875905, 4.00471613541946, 4.83254979594778, 5.59741586094879, 1.59011736535353, 5.27618659246746, 4.3081974876362, 5.42598644206422, 3.63365871441816, 4.35060608414628, 6.54468378902728, 5.82014460068458, 8.86175315384077, 3.3638436882857, 7.42857562548939, 5.06321367630574, 4.12383510645, 4.11589573946515, 5.55572909846906, -1.66390706943158, 2.73923934890187, -0.539516207951475, -0.224833079646242, 1.9285817634376, 2.98309803676658, 4.66617648456373, 2.3509390220057, -0.699512601557801, -0.516315456533241, 3.76624991985301, 5.83724155841612, 2.46302805571735, 4.11471402345906, 2.38650734017457, -2.96971261952979, 2.67722106343764, -1.44413126923686, 2.96859523436296, -2.95520484654169, -3.00893512208761, -3.36866425431044, -0.906398875976193, -1.39403317623139, -2.57707966666148, -1.82172706109351, -0.528176691088681, 1.78470338700018, -3.19040833069621, 1.15163373825012, 3.77580200623362, 4.53411615482765, -1.2432087507333, 4.6444214695589, -0.863810129409974, 5.41098626304993, 1.19286627845295, 0.960608118048958, 2.77636491450887, 6.6888546663423, 1.00796499380013, 0.631673235560641, 2.79400753373083, 2.83715774437861, 6.10633547631774, 2.55665672647038, 2.29494937239494, 3.38017327603817, 4.07706360113961, 5.43766830560004, 3.43748137439498, 4.04549329955823, 4.75642470393232, 4.42935523148712, 3.86608213817662, 4.87545176755844, 7.60961658673345, 5.76371122075492, 4.6237818706584, -2.88496548659241, 4.0285649759837, 7.27753942458316, 2.00686903645136, 7.58931338596347, -0.794061258414166, 4.51092203781278, 1.67475275714574, 3.37297430596748, 3.10672686782586, 2.96864053042306, 2.08089188250155, 5.61076987847749, -0.85496650593086, 3.57624711867739)
"tau_add" <- 0.177740936352089
"tau_yr" <- 0.465050368327546
"y" <- c(0, 1507, 49, 359, 6, 83, 159, 22, 410, 14000, 0, 34, 0, 3, 0, 0, 3, 0, 0, 0, 0, 0, 0, 0, NA, NA, NA, NA, NA, NA, NA, NA, NA, NA, NA, NA, NA, NA, 0, 0, 0, 0, 0, 0, 8, 0, 10, 0, 1672, 7, 1, 0, 12796, 0, 60061, 0, 129, 0, 56, 446, 10, 3, 38, 0, 62, 1, 0, 2, 0, 94, 0, 0, 0, 0, NA, NA, NA, NA, NA, NA, NA, NA, NA, NA, NA, NA, NA, 0, NA, NA, 0, NA, 0, NA, 0, 0, 0, 0, 15, 0, 0, 29, 9, 2, 4, 1, 4, 0, 13814, 0, 282103, 0, 83, 277, 0, 7, 5, 6122, 0, 0, 17, 0, 3, 3, 0, 3, 0, 0, NA, 0, 0, NA, NA, 0, NA, 0, NA, NA, NA, NA, NA, NA, NA, NA, NA, NA, NA, 0, NA, 0, NA, 0, NA, 0, 20, NA, 0, 7, 0, 2, 1, 4, 9, 0, 0, 4, 1231, 0, 196, 1, 62, 5, 7, 19, 2, 1, 0, 2, 2, 1, 4, 0, 0, NA, 0, 6, NA, 0, NA, 0, NA, 0, 0, NA, NA, NA, 0, NA, NA, NA, NA, NA, NA, NA, NA, NA, NA, NA, NA, NA, NA, NA, NA, 3, 0, 0, 10, 3, 0, 50, 0, 353, 25, 0, 686, 55, 4, 59, 0, 243, 162, 16, 4371, 38, 0, 2, 18, 0, 26, 0, 0, NA, NA, NA, NA, NA, NA, 0, NA, NA, NA, NA, NA, NA, NA, NA, NA, NA, NA, NA, NA, NA, NA, NA, NA, NA, 0, 0, 0, 4, 0, 0, 1, 0, 2, 0, 0, 676, 0, 3, 4419, 0, 2, 12, NA, 1, 8, 0, 0, 0, NA, 0, 0, NA, NA, 0, NA, NA, NA, NA, NA, NA, NA, NA, NA, NA, NA, NA, NA, NA, NA, NA, NA, NA, NA, NA, NA, NA, 0, NA, 0, 0, 0, 0, 0, 13, 3, 9, 1, 19, 0, 3, 13841, 0, 25, 6068, 0, 114685, 0, 265, 0, 3, 1, 196, 0, 13, 0, 12, NA, 0, NA, 0, NA, 0, NA, NA, NA, NA, NA, NA, NA, 0, NA, NA, NA, NA, NA, NA, NA, NA, NA, NA, 0, NA, 0, NA, 0, NA, 0, NA, 0, 0, 9, 0, 0, 67, 14, 1, 0, 168, 0, 15, 284, 261, 0, 276430, 14, 94, 21, 6, 1315, 848, 7, 0, 143, 0, 11, 5, 0, 0, 0, 0, 0, NA, NA, NA, NA, NA, NA, 0, NA, 0, NA, NA, 0, NA, 0, NA, 0, NA, 0, NA, 0, NA, 0, NA, NA, 0, NA, 0, NA, 0, NA, 0, NA, 0, 1, 0, 1, 1, 19, 0, 0, 1, 0, 0, 124, 11062, 168, 9, 93639, 0, 144, 30, 38, 0, 3, 85, 0, 133, 0, 10, 0, 0, 0, NA, NA, NA, 0, NA, NA, 0, NA, 0, NA, NA, NA, 0, NA, NA, NA, NA, NA, 0, NA, NA, NA, NA, 0, NA, 0, NA, 2, 0, 0, 7, 0, 0, 2, 0, 0, 0, 0)
"yr" <- c(1.36367634293411, 1.76666828141376, 0.444763312405294, 0.536673210321194, -0.321024548577862, -0.284912526162132, 0.18965844913913, 1.50737485160004, 1.57529419763304)
".RNG.name" <- "base::Mersenne-Twister"
}

inits{
".RNG.state" <- c(20843, 29774, 2593)
"beta" <- c(0.0309811102973044, 0.119633895041292, 0.133632925319143)
"lambda" <- c(-2.30258509299405, NA, NA, NA, NA, NA, NA, NA, NA, NA, NA, NA, NA, NA, NA, NA, NA, NA, NA, NA, NA, NA, NA, NA, NA, NA, NA, NA, NA, NA, NA, NA, NA, NA, NA, NA, NA, NA, NA, NA, NA, NA, NA, NA, NA, NA, NA, NA, NA, NA, NA, NA, NA, NA, NA, NA, NA, NA, NA, NA, NA, NA, NA, NA, NA, NA, NA, NA, NA, NA, NA, NA, NA, NA, NA, NA, NA, NA, NA, NA, NA, NA, NA, NA, NA, NA, NA, NA, NA, NA, NA, NA, NA, NA, NA, NA, NA, NA, NA, NA, NA, NA, NA, NA, NA, NA, NA, NA, NA, NA, NA, NA, NA, NA, NA, NA, NA, NA, NA, NA, NA, NA, NA, NA, NA, NA, NA, NA, NA, NA, NA, NA, NA, NA, NA, NA, NA, NA, NA, NA, NA, NA, NA, NA, NA, NA, NA, NA, NA, NA, NA, NA, NA, NA, NA, NA, NA, NA, NA, NA, NA, NA, NA, NA, NA, NA, NA, NA, NA, NA, NA, NA, NA, NA, NA, NA, NA, NA, NA, NA, NA, NA, NA, NA, NA, NA, NA, NA, NA, NA, NA, NA, NA, NA, NA, NA, NA, NA, NA, NA, NA, NA, NA, NA, NA, NA, NA, NA, NA, NA, NA, NA, NA, NA, NA, NA, NA, NA, NA, NA, NA, NA, NA, NA, NA, NA, NA, NA, NA, NA, NA, NA, NA, NA, NA, NA, NA, NA, NA, NA, NA, NA, NA, NA, NA, NA, NA, NA, NA, NA, NA, NA, NA, NA, NA, NA, NA, NA, NA, NA, NA, NA, NA, NA, NA, NA, NA, NA, NA, NA, NA, NA, NA, NA, NA, NA, NA, NA, NA, NA, NA, NA, NA, NA, NA, NA, NA, NA, NA, NA, NA, NA, NA, NA, NA, NA, NA, NA, NA, NA, NA, NA, NA, NA, NA, NA, NA, NA, NA, NA, NA, NA, NA, NA, NA, NA, NA, NA, NA, NA, NA, NA, NA, NA, NA, NA, NA, NA, NA, NA, NA, NA, NA, NA, NA, NA, NA, NA, NA, NA, NA, NA, NA, NA, NA, NA, NA, NA, NA, NA, NA, NA, NA, NA, NA, NA, NA, NA, NA, NA, NA, NA, NA, NA, NA, NA, NA, NA, NA, NA, NA, NA, NA, NA, NA, NA, NA, NA, NA, NA, NA, NA, NA, NA, NA, NA, NA, NA, NA, NA, NA, NA, NA, NA, NA, NA, NA, NA, NA, NA, NA, NA, NA, NA, NA, NA, NA, NA, NA, NA, NA, NA, NA, NA, NA, NA, NA, NA, NA, NA, NA, NA, NA, NA, NA, NA, NA, NA, NA, NA, NA, NA, NA, NA, NA, NA, NA, NA, NA, NA, NA, NA, NA, NA, NA, NA, NA, NA, NA, NA, NA, NA, NA, NA, NA, NA, NA, NA, NA, NA, NA, NA, NA, NA, NA, NA, NA, NA, NA, NA, NA, NA, NA, NA, NA, NA, NA, NA, NA, NA, NA, NA, NA, NA, NA, NA, NA, NA, NA, NA, NA, NA, NA, NA, NA, NA, NA, NA, NA, NA, NA, NA, NA, NA, NA, NA, NA, NA, NA, NA, NA, NA, NA)
"mu" <- c(-2.38897473762984, 1.08098299530921, -5.78357170786072, -3.64902219300915, 2.21347089433367, 0.381153396411616, -3.45453889621737, 0.767005269256487, 3.09943799135331, -0.734413716095466, -2.80008071411767, -1.80199953592828, 0.201817164611432, -2.23383865052108, 1.88383332943927, 3.33662215119495, 1.64287388164997, 4.20295789119406, 4.10751040027796, 1.86712698934086, 1.2797581747985, 5.22732494806896, 1.62369109049511, 1.568248265468, -1.42384263967723, 0.577067031045787, 3.64508119575977, 2.37077127835027, 3.72355224303502, 4.66141987541381, 6.52359947543954, 7.75043025354742, 5.46951882339265, 4.50055696677721, 8.07085877306662, 6.45480999459808, 6.20667430282498, 5.8175658892116, 3.3822302414744, 4.14825845474963, -0.814515293855819, 2.66050779253634, 4.87962903694467, 3.71503976105598, 0.315097061122137, 1.58619585967768, 1.71727060921463, 1.00345369046782, -5.31523013067574, -1.97293560328173, -1.93007541549078, 0.878323943792148, 0.032173563553142, 3.00189911775585, -0.13465681132183, 0.453846392933356, 0.263450940321289, 3.19092677014464, 0.4790888191697, -0.57324357158236, -2.83919031633469, 0.208878985098601, -0.606626060460582, 0.549110221800855, 1.19057857055165, -4.1579116307397, 0.197450079337956, -0.789553584947667, 7.64881970469299, 3.13111278681135, -0.137949734691332, 4.25578777935808, 3.91808079572948, 5.98428244895939, -0.340096198536146, 2.51889989617374, 4.29803486934026, 3.50375718713476, 6.0814117822055, 4.99144316670069, 6.291530830217, 4.28196319744217, 7.38063839706189, 5.07050012729168, 3.77902047936513, 4.47748481742027, 3.02819484374442, -0.449595821371504, 4.58280469125276, 1.19124354693564, 3.32895163101252, 3.34405987629235, 6.68704781032994, 3.54167114834462, 3.37405286339821, 3.74344869676723, -1.69827271343695, 4.37120843844186, 3.17853041565968, -0.580427690878561, 4.21858497928475, 0.524502943221176, -1.60992800304297, 3.11586920762614, -1.83655234808383, 9.36364191913734, 2.03755576246955, 1.58992211815547, -1.60531276745671, -1.57165419418706, -5.05811010193779, -5.95069246935665, -0.696345793510719, -0.523632508874467, -0.0247318279438244, 1.00027065506933, -1.93957176527557, -1.14697203139163, -4.62909496001865, -4.76285879276211, -2.42372464835844, -1.0513385601167, 1.87304530586517, 1.11249692638201, 4.15696663533442, 3.56807300753541, 3.39205813131388, 6.18448543137353, -2.893680266205, -3.47267690478353, 1.49064240209918, 1.30050894352176, 0.0483213664032796, 4.14288675295221, 2.11101583620561, 4.16591184101412, 1.07228520660281, -1.1882396550806, 2.13383062682059, 3.36118175345735, 4.47434029778576, 4.90614688940346, 4.09103990022664, 2.58915673430462, 6.14035603189996, 5.01231829280917, 4.19671718275176, -1.72482027591152, 3.73001857670052, -0.582607324898079, 2.82468683184099, 0.32889790790343, 6.51900855733783, 3.88434055641421, -0.887587279163126, 4.71570646665218, 1.73929064023731, -6.03659358840445, 1.94555181991828, 0.728093293341119, 0.805331704425704, 2.27720864238408, -0.524164287967048, 3.45452159988659, 6.61103847438779, 3.41747860645615, 4.70113233709258, -2.89258967841249, -4.30305967037719, -0.674433302392736, -0.293981281053113, -0.00166213932471526, -2.97611508374936, 2.8622771711314, 1.09110692693996, 1.49498906892433, 6.12752313721498, 1.8556646030004, -0.0210011157817038, 5.17297439404407, 3.19686043776012, 2.68005832097111, 1.70200469383324, 1.578845400049, 1.00317408471554, 3.68383394898574, 2.73553724019897, 3.82435968863612, -1.05590497987109, -1.37616382355886, 2.56879681007244, -1.65755198306962, 0.909649133357311, 3.18277238537001, 0.618445274223718, 0.426521865961288, 2.52829613625168, 2.0095938750586, 5.61108660549464, 2.1067130271946, 2.19728329730923, 4.32099476571824, 2.49797853647981, 7.71427612447819, 8.53729960689168, 8.74949855567638, 6.55426716531319, 4.1342542122137, 3.77650931813394, 2.89381916275789, 2.43614993228014, 1.72280525765841, 1.27193335554895, -1.91167814764812, 1.28294091870956, -0.200155677317519, -0.881013222153167, 1.32695208372173, 1.21959720354391, -1.89421743846872, 4.21591678030872, 1.36020094403608, -2.44190777863179, 1.7222920895637, -0.859422019199729, -5.85426260882973, -5.14830044570796, -4.51717048739384, 2.721455783368, -2.16219038382925, -4.01721110198644, -0.860508367562099, -3.43257851105047, -4.34024399550352, -2.65881001076089, -0.388906624637742, -2.06931110766515, -3.06635487509132, -2.50282658344831, 0.028438931125889, 0.904509069974566, -0.250680357103605, -0.190404556877989, -0.134408985689815, -3.16548783983581, -1.14408937904317, 0.867315254614015, 2.67062280228696, -2.79878567139831, -0.997057327384751, -2.04699686941551, 0.258823164967553, -0.354754661134826, 2.79410919346129, 2.84236403350702, 3.41138921142453, 4.49491498064813, 3.28146827110601, 6.30470318724412, 5.77361395340454, 4.98048696688767, 4.24782613380937, 1.99658032680355, 0.552344857469905, -5.99782065567416, -2.27823224815055, 0.692542694764534, 2.56615821607515, 0.0608059090991272, 5.24461077286087, -1.18898566763506, 0.850899001587261, -0.872639338078057, -2.06517464646868, -2.75148059425336, 1.95382179346318, 0.477569045058799, 2.52292647597983, 0.943144659812953, 2.55719538884785, 0.42310873152709, 1.30839364823628, -3.10723376022031, 0.294713931049206, -3.36261871002268, 1.11437995987639, -4.56638745442251, -4.2002600510113, 2.49872895913826, 0.478835372682278, -1.5505885226773, 3.83377307131181, -3.39078513928425, -2.83570092540051, 0.938743531472419, 1.50279391622909, -0.534157053674891, -5.63974547079281, -0.0230842845896655, -0.923215134830598, -1.14685724970005, 2.19827776149917, 3.00861066100405, 4.39388347153153, 0.675751287728206, 3.66184455383837, 2.70397851502017, 3.54720151777371, 4.13763809256285, 4.47010936547057, 5.13335239815616, 3.2102849752416, 3.37210142688212, 4.50799972243381, 4.31428837335787, 4.49738944893539, 3.92176572444489, 1.20071873277198, -0.567040784442642, 1.64986261000244, 7.13753861258983, -0.628719129844516, 4.15871112915367, 0.226294693939905, -2.47124119138765, -4.0160958650977, 0.865542476873703, -1.99728509442752, 2.82804998534628, 0.77255210659789, -2.54021962184825, 1.40375299404226, 0.713187198157129, 1.62085057057869, 5.48174480243195, 0.845216203998495, 1.00092912661401, -2.32646325429135, -1.05199769123998, -2.88925665809836, 5.36747479327301, -0.103737353686858, -2.16687876020412, -1.28533630165199, 1.00272800457512, -1.29826669688057, -0.32545038503149, -2.23389596231794, -3.545471632765, 2.52260628452812, -0.641309208040929, -0.821846861949892, -3.84371337347921, -1.8841609569788, 0.408024041448178, -1.34610367225594, -2.65749426177638, 1.5189808171878, -0.00625618111629733, 0.892537725711093, 1.9660343085444, 7.8610889285977, 2.45507620020496, 2.3913210645241, 4.0063054735816, 4.2517280598969, 4.09473426081174, 4.37236760785054, 6.04529469401435, 5.3018923862994, 6.38538795242428, 7.16490101648096, 2.30964877155841, 9.35407538511952, 1.76304037119227, 3.9798307377288, 2.38285084248685, 3.40110844251247, -1.10523825413617, 1.35954214192078, 2.35192493726568, 3.60921706597834, 0.203289860614079, -0.200014978786833, -0.60766248140661, -1.06511572616858, -4.32375232924008, 0.0959630417759781, -2.24312997766989, -0.553167943978755, -1.90646719615747, 0.254377028807133, -4.13930010610972, -0.940215881440987, 2.82527056850185, 5.07675094490458, -3.73509434311415, -3.70953621318626, 1.40794637329035, -0.560976296910131, -6.65516966915186, -1.61132355274846, -1.98803527243393, 2.93710958732022, -4.97192214044551, -5.00879602387581, -2.5038106300198, -3.16216176451742, 2.97535710787808, -0.248067168723811, -1.12670756529914, 4.20259194904672, 2.23981380281121, -1.38867169844884, 0.649346007219869, -1.02412233980302, 3.20693588452749, 3.11561827066718, 5.28927212665174, 9.7862214327131, 6.27980679500831, 5.98587431539732, 4.71270462301208, 5.53246860345672, 2.19694995734222, 5.04528074157718, 8.26572154963612, 5.45315623092362, 1.96850580413655, 4.55864868007405, 8.58184687002287, 5.927287131368, 3.33107881092586, 3.59354673752155, 8.40669184651605, 5.26849859026242, 4.04076494383927, 3.01951313647303, 5.68422965548334, -0.363500068225908, 2.40136451842049, 8.89816503602837, 1.29581250969289, -3.22244824532431, 2.60201818088968, 3.44663971633393, 2.24265064128802, -3.6535792998202, 0.0228856937446129, -0.881419776093653, -0.92480402098819, -0.57140019378458, 5.10424609943834, 5.06683506741428, 0.0734148784762176, 4.43788852394255, 0.690370207906053, -4.71364941958375, -6.23976364328769, 3.10470527917502, 3.77565955537468, -1.42896321789546, 4.13107268828505, 4.057982228906, -1.56315124411892, 1.52064816260462, 3.91421048125975, 0.426411126991556, 2.95277247101961, -0.676651907349972, 0.733617473494063, -0.0554463288464115, 0.975132304441802, -0.931373302863612, 2.39477276812943, -3.42259239775884, 0.544238899105124, 2.84247410471551, -0.419395577300417, -1.39307364531861, 0.470891853242412, 1.37160470150606, 2.69853112455585, 4.3122255054933, 1.9735643154337, 1.3921287713281, 3.35767212324611, 1.081017667715, 5.22484915758332, 3.46939291494072, 3.70929065525115, 4.67843839028065, 4.5483619505701, 1.48720797233716, 4.86084235299866, 7.56708008963768, 5.65394316855644, 4.53428170745785, -1.0103991088912, 4.2443382698775, 9.20970412223228, 2.24842836605056, -0.150139942152851, 8.66102122900745, 6.23238166144881, 6.91493052476572, 3.50845872706608, 0.0832082019920457, 2.90979755908235, 0.166245489526657, -0.20331957400999, 1.81545213946683, 4.31504038800134)
"tau_add" <- 0.154026933972059
"tau_yr" <- 0.372277129552037
"y" <- c(0, 1, 1, 1, 1, 1, 1, 1, 1, 1, 1, 1, 1, 1, 1, 1, 1, 1, 1, 1, 1, 1, 1, 1, NA, NA, NA, NA, NA, NA, NA, NA, NA, NA, NA, NA, NA, NA, 1, 1, 1, 1, 1, 1, 1, 1, 1, 1, 1, 1, 1, 1, 1, 1, 1, 1, 1, 1, 1, 1, 1, 1, 1, 1, 1, 1, 1, 1, 1, 1, 1, 1, 1, 1, NA, NA, NA, NA, NA, NA, NA, NA, NA, NA, NA, NA, NA, 1, NA, NA, 1, NA, 1, NA, 1, 1, 1, 1, 1, 1, 1, 1, 1, 1, 1, 1, 1, 1, 1, 1, 1, 1, 1, 1, 1, 1, 1, 1, 1, 1, 1, 1, 1, 1, 1, 1, 1, 1, NA, 1, 1, NA, NA, 1, NA, 1, NA, NA, NA, NA, NA, NA, NA, NA, NA, NA, NA, 1, NA, 1, NA, 1, NA, 1, 1, NA, 1, 1, 1, 1, 1, 1, 1, 1, 1, 1, 1, 1, 1, 1, 1, 1, 1, 1, 1, 1, 1, 1, 1, 1, 1, 1, 1, NA, 1, 1, NA, 1, NA, 1, NA, 1, 1, NA, NA, NA, 1, NA, NA, NA, NA, NA, NA, NA, NA, NA, NA, NA, NA, NA, NA, NA, NA, 1, 1, 1, 1, 1, 1, 1, 1, 1, 1, 1, 1, 1, 1, 1, 1, 1, 1, 1, 1, 1, 1, 1, 1, 1, 1, 1, 1, NA, NA, NA, NA, NA, NA, 1, NA, NA, NA, NA, NA, NA, NA, NA, NA, NA, NA, NA, NA, NA, NA, NA, NA, NA, 1, 1, 1, 1, 1, 1, 1, 1, 1, 1, 1, 1, 1, 1, 1, 1, 1, 1, NA, 1, 1, 1, 1, 1, NA, 1, 1, NA, NA, 1, NA, NA, NA, NA, NA, NA, NA, NA, NA, NA, NA, NA, NA, NA, NA, NA, NA, NA, NA, NA, NA, NA, 1, NA, 1, 1, 1, 1, 1, 1, 1, 1, 1, 1, 1, 1, 1, 1, 1, 1, 1, 1, 1, 1, 1, 1, 1, 1, 1, 1, 1, 1, NA, 1, NA, 1, NA, 1, NA, NA, NA, NA, NA, NA, NA, 1, NA, NA, NA, NA, NA, NA, NA, NA, NA, NA, 1, NA, 1, NA, 1, NA, 1, NA, 1, 1, 1, 1, 1, 1, 1, 1, 1, 1, 1, 1, 1, 1, 1, 1, 1, 1, 1, 1, 1, 1, 1, 1, 1, 1, 1, 1, 1, 1, 1, 1, 1, NA, NA, NA, NA, NA, NA, 1, NA, 1, NA, NA, 1, NA, 1, NA, 1, NA, 1, NA, 1, NA, 1, NA, NA, 1, NA, 1, NA, 1, NA, 1, NA, 1, 1, 1, 1, 1, 1, 1, 1, 1, 1, 1, 1, 1, 1, 1, 1, 1, 1, 1, 1, 1, 1, 1, 1, 1, 1, 1, 1, 1, 1, NA, NA, NA, 1, NA, NA, 1, NA, 1, NA, NA, NA, 1, NA, NA, NA, NA, NA, 1, NA, NA, NA, NA, 1, NA, 1, NA, 1, 1, 1, 1, 1, 1, 1, 1, 1, 1, 1)
"yr" <- c(1.13153684843288, 1.99579600793279, 0.603833753975485, 0.792894143637866, -0.152544331269406, 0.721146966454476, 0.516770414915376, 0.491829784947399, 1.25852475043961)
".RNG.name" <- "base::Wichmann-Hill"
}

inits{
".RNG.state" <- c(44890421, 473315341)
"beta" <- c(-0.0269142465594934, 0.105013143013067, 0.0778538092678132)
"lambda" <- c(-2.30258509299405, NA, NA, NA, NA, NA, NA, NA, NA, NA, NA, NA, NA, NA, NA, NA, NA, NA, NA, NA, NA, NA, NA, NA, NA, NA, NA, NA, NA, NA, NA, NA, NA, NA, NA, NA, NA, NA, NA, NA, NA, NA, NA, NA, NA, NA, NA, NA, NA, NA, NA, NA, NA, NA, NA, NA, NA, NA, NA, NA, NA, NA, NA, NA, NA, NA, NA, NA, NA, NA, NA, NA, NA, NA, NA, NA, NA, NA, NA, NA, NA, NA, NA, NA, NA, NA, NA, NA, NA, NA, NA, NA, NA, NA, NA, NA, NA, NA, NA, NA, NA, NA, NA, NA, NA, NA, NA, NA, NA, NA, NA, NA, NA, NA, NA, NA, NA, NA, NA, NA, NA, NA, NA, NA, NA, NA, NA, NA, NA, NA, NA, NA, NA, NA, NA, NA, NA, NA, NA, NA, NA, NA, NA, NA, NA, NA, NA, NA, NA, NA, NA, NA, NA, NA, NA, NA, NA, NA, NA, NA, NA, NA, NA, NA, NA, NA, NA, NA, NA, NA, NA, NA, NA, NA, NA, NA, NA, NA, NA, NA, NA, NA, NA, NA, NA, NA, NA, NA, NA, NA, NA, NA, NA, NA, NA, NA, NA, NA, NA, NA, NA, NA, NA, NA, NA, NA, NA, NA, NA, NA, NA, NA, NA, NA, NA, NA, NA, NA, NA, NA, NA, NA, NA, NA, NA, NA, NA, NA, NA, NA, NA, NA, NA, NA, NA, NA, NA, NA, NA, NA, NA, NA, NA, NA, NA, NA, NA, NA, NA, NA, NA, NA, NA, NA, NA, NA, NA, NA, NA, NA, NA, NA, NA, NA, NA, NA, NA, NA, NA, NA, NA, NA, NA, NA, NA, NA, NA, NA, NA, NA, NA, NA, NA, NA, NA, NA, NA, NA, NA, NA, NA, NA, NA, NA, NA, NA, NA, NA, NA, NA, NA, NA, NA, NA, NA, NA, NA, NA, NA, NA, NA, NA, NA, NA, NA, NA, NA, NA, NA, NA, NA, NA, NA, NA, NA, NA, NA, NA, NA, NA, NA, NA, NA, NA, NA, NA, NA, NA, NA, NA, NA, NA, NA, NA, NA, NA, NA, NA, NA, NA, NA, NA, NA, NA, NA, NA, NA, NA, NA, NA, NA, NA, NA, NA, NA, NA, NA, NA, NA, NA, NA, NA, NA, NA, NA, NA, NA, NA, NA, NA, NA, NA, NA, NA, NA, NA, NA, NA, NA, NA, NA, NA, NA, NA, NA, NA, NA, NA, NA, NA, NA, NA, NA, NA, NA, NA, NA, NA, NA, NA, NA, NA, NA, NA, NA, NA, NA, NA, NA, NA, NA, NA, NA, NA, NA, NA, NA, NA, NA, NA, NA, NA, NA, NA, NA, NA, NA, NA, NA, NA, NA, NA, NA, NA, NA, NA, NA, NA, NA, NA, NA, NA, NA, NA, NA, NA, NA, NA, NA, NA, NA, NA, NA, NA, NA, NA, NA, NA, NA, NA, NA, NA, NA, NA, NA, NA, NA, NA, NA, NA, NA, NA, NA, NA, NA, NA, NA, NA, NA, NA, NA, NA, NA, NA, NA, NA, NA, NA, NA, NA, NA, NA, NA, NA, NA, NA, NA, NA, NA, NA, NA, NA, NA)
"mu" <- c(-2.32703662386616, 3.32440913357813, 4.65791442267746, 7.27238325179032, 5.61698764569862, 0.830771126257353, 1.31426036234559, 5.34374461175025, 1.91743403164083, 4.37552210005587, 5.74371511492034, 4.67697764541152, 6.72153881352636, 3.28914045748747, 0.475858650109837, 1.65517014290627, 3.93649020358044, -0.694567030515818, 7.371628580273, 11.1550651355266, 4.77351947764465, 7.43967657636858, 5.67891330453676, 3.33367814710402, 0.273092542672134, 0.95078647249055, 3.3386883124912, 2.18154925261476, 3.72666734531721, 4.78441523548108, 6.50360506894736, 7.76018688670753, 5.41235563590361, 4.66316226564566, 8.06644860594689, 6.58508490044222, 6.1463199467713, 5.89452012664445, 4.46709305326023, 2.37402945475078, 4.41838765149785, 4.56855107419965, 8.31063919639627, 6.13658584837856, 4.81893949166819, 2.67204893477418, 2.5985799702408, 3.3641298847808, 3.56476198041593, 3.46788375120275, -0.426693530936582, 0.621145088895388, 3.34707503483772, 4.30607202477952, 3.12012585749632, 2.1856649974865, 2.57176081206692, -1.83113818143871, -0.26713566187504, -0.437542934829559, 4.51590706613112, 6.21954584880178, 4.82950137515112, 2.10791281826902, 7.53249402994498, -2.74540856104914, 0.0326083746093815, 1.09526888130959, 4.25661718855855, 6.54540738024588, 1.6554097064552, 6.27141970097283, 1.25781469076036, 2.61804490894519, 0.214828034510362, 2.48685670957365, 4.3166418938723, 3.54556934388666, 6.03607138779813, 4.67062351535857, 6.23238989639382, 4.36491516696252, 7.35507372434276, 5.12943899110835, 3.41284485229792, 4.46625094502065, 2.06315815670553, 5.65525773111782, 4.71940602494496, 0.864438568696975, 3.36777421822258, 3.48772284014689, -0.860430130323104, 3.49611569191861, -3.62397889743971, 4.42041078276035, 4.70355641226815, 2.0424011740773, 7.17583341897616, 3.39428902047185, 2.09667361924801, 1.95814819920597, -0.41749716535337, -0.0969036964492793, -1.37570655273608, 0.409570626887428, -1.27615404908133, -0.264527101501746, -1.20282300478759, 1.36886422199375, 4.62236137314652, 2.94128140380872, 1.57301951489257, 2.23709134845111, -2.66847365576544, -0.0470117530252021, 2.43267966145928, 1.95581370983101, 0.966729962131896, 2.45823886384318, 1.76304640361144, -0.727226530724058, 0.321404847768446, -0.6901213029923, 1.69460057709672, 3.06310001001835, 3.80156146974553, 0.407751750076644, -0.467457973477905, 3.38663779955716, 3.92212376406063, 0.731477609085039, 1.53281999076748, 3.22255220108054, 2.14917574571177, 0.367782622335214, -0.339561786239224, -2.78198507416304, 2.17023511368073, 3.08006001962632, 4.54740663263314, 4.8373970406947, 3.86114190846954, 2.52768065657956, 6.11327507290915, 5.03874749847569, 4.48951353265938, 1.38713714677999, 3.62917698273048, -1.98277357145867, 3.03319937186049, 4.656872110827, 6.46615766287542, 6.96538831639633, -0.194296997815832, 4.51673937949814, 1.08584951949607, 4.22170290763897, 1.75259627824471, -0.9938559964191, 1.51903042859638, 0.702791289330187, 3.47184744866444, 7.03030190745619, 1.12241989538954, 2.95143391653269, 0.210851808452801, 0.812675893019908, 3.75199567733702, 2.5855126135667, 6.03790019712843, 2.44867060546635, 1.20609874533155, 2.10434422073103, -1.2970255382391, 1.48332518591111, 2.012761423177, 0.118346234734938, 2.7778130429289, 0.219981120656187, -2.3148436234457, -0.403193632173889, 1.23726871661072, 1.51290096111695, 3.18535032051748, 5.38841088543532, 2.93210114334561, 3.56633838371796, -0.966170939624911, 2.27571603935739, 1.57139514037705, 4.53987425495229, 2.7559370854983, 2.80085847573213, -0.586467713344321, 0.980284837444885, -0.344861352717469, 2.37920015665741, 5.64283599684579, 2.48193778746501, 1.79777726699513, 4.36183222783009, 2.83729434647489, 7.72240348635815, 8.51983752041265, 8.75548969093168, 6.55573512047181, 4.24368805292588, 3.84493002446768, 3.13450636237016, 1.58264043433447, 1.44864050489827, 1.7349697081815, 1.51909413100489, 1.16008961900752, 1.29953088593133, 0.628621918288924, 0.145999593193668, -1.01385674440941, -2.19078546747815, 2.65175100651882, 2.53734423803364, 3.51681169792809, 4.86702469827924, 0.906059012457063, -0.0711736983007007, -6.30634584308504, 1.29306258009236, -1.84651051172768, -1.03041191927806, 0.685578565199613, -0.500955411028552, 0.434593120969114, -3.51466162460045, 5.08254822203129, -0.12225054285507, -2.25780780333531, -3.02580306985888, 2.38843672441911, -2.52403943939036, -0.170024560638238, -2.72295288425225, -2.53744759843545, -1.27007956076682, 0.0613075765823958, 0.164435472137431, -1.2949931190549, -1.51963189941861, -0.138387199461554, -1.36450865340256, 0.890805974712143, 0.83556302472168, -1.82964223566411, 3.41883261243677, 2.99402937173254, 3.39188680493158, 4.69030198944048, 3.16033127808103, 6.42611780507534, 5.84531108995737, 4.97043997791943, 4.21424773995608, 2.0268735674755, 0.444669375069283, -1.98344020491929, -0.150647850168305, 4.07824138279601, 3.22835950891855, -0.462574252909037, -1.99726605249017, 1.05781666067216, -0.192372582942273, -1.3474128909143, -2.80900717383518, -2.66309211067298, 4.23153831815131, 4.4272352641502, 2.05981829936036, 3.38556573026064, 2.81242150803369, -1.76768600352529, -1.79325101481473, 6.19424944232274, 2.73565712600845, -0.868106951633096, 0.303582999962901, 1.34676691923688, 0.924626364445069, 5.91971529398207, 4.05950444279247, -1.17488258292954, -2.5517781081442, -1.51838561512822, -3.90927468138165, -0.130368782661619, 4.37343679129641, 0.0386692394100585, 0.859823931417661, -1.21813458710499, -0.30499629922499, -1.59236604608393, 1.89396310713214, 2.99522596610783, 4.30420278244061, 0.258005949840394, 3.81649759904894, 2.630894028803, 3.58695212549465, 4.12667378773927, 4.56602809098481, 5.12023157788162, 2.99997642988831, 3.67754789662395, 4.49013073128095, 4.23455376419071, 4.43883081449486, 4.02725096608526, 0.870258487179479, 3.60734242273782, 1.47436035188793, 0.778124616197499, -3.16295186003933, 3.4482079679831, 0.812472786868968, 2.74863114030401, -0.488822108786652, 0.290818650522439, 0.775303166396824, 4.92961569263635, 2.81699322707088, 3.9892635382076, -2.11673025748406, -1.00729381245264, 1.39860446047287, -2.48013326550642, -0.484431888670561, 2.38794811714005, -1.10568994459498, 3.49742132484312, 1.60574813677167, 0.913423409082817, 2.07826191838772, 0.494107470143484, 0.82084850716691, 4.45021814567558, 0.259037203313087, 0.325606676722056, 0.184074900907965, -0.297824834785023, 2.13825530053937, -1.34393555041048, 5.14126262276881, -1.69621254386065, -1.58982951349369, 0.231494494321165, -2.63502579415117, -0.800342313110652, 1.27135738183546, 1.08484688320317, 0.803334698972562, 2.53038252068327, 3.45603639889147, 2.9504663961601, 2.86544305398373, 3.86473668918518, 4.34148252875565, 3.81303710619311, 4.21656317418309, 6.10587049379584, 5.31948612975347, 6.41926155321425, 7.19163615459335, 2.73960763313382, 9.36109527005664, 4.02898472175533, 4.20312620952665, 4.94371705155827, 3.29091984630507, 5.91014119585581, 1.5035002616242, 1.89045553964188, 2.48010491057473, 4.09773385632618, 0.480250650571008, 1.06802404516124, -1.13015583248662, 0.480694815734507, -0.286763000492529, 2.19989735802301, 2.06014930193856, 4.12792590421361, -0.384770569769173, -0.314574615604676, -2.0194006325211, -0.452710094901549, 0.384004516778689, 0.527594403779265, -1.91593830113418, 2.25723566986847, 4.35205929578, 2.41080403188692, -0.691046997242015, 5.30934909427212, 3.41312185456684, 1.44804287953041, 2.37179891751836, 3.21893482488478, 2.6763806911636, 5.29930556936496, -0.220235876913311, 3.14241397122642, 2.40408275368278, 2.41302466386175, -0.470834841291182, 0.527191452224721, -1.52893639704445, 3.02121268829691, 3.34526333819886, 5.14790941329051, -0.0816328741755861, 6.24496210328157, 4.14309945738406, 4.68652566127999, 5.43469868441408, 6.13080189043428, 5.30921023786189, 5.34529641919902, 5.58045166425757, 4.1592902297541, 4.35594003416343, 3.21945821853587, 5.84874637344448, 2.33060599860298, 3.73187042244285, 0.970233338390271, 5.00894513992251, 3.95649791194596, 5.88294298816087, 5.53628516363126, 7.20061224790191, 2.70329163040634, 4.27617079549137, 0.657844598820058, 2.14695396891988, 3.11417918664224, 8.96640920110599, 4.5013631669718, 1.85915862944431, 4.99059071229919, 4.29772194212613, 1.97414665193278, 2.68687459577868, 7.89531958736401, 2.32729041492364, 1.10694892962674, 5.31642700325865, 2.04707924963923, 4.56846519811365, 4.09240044958147, -0.708857486121047, -0.685375474653726, -0.520154780071078, -1.35381330256923, -0.657275038711174, 1.04954259075801, 2.18241768341462, 3.41467091906779, -1.5053322083187, 1.24677944332627, 3.31012084100744, 7.22756082040823, -0.38424844485989, -0.0490676504470802, 6.200285528475, 1.18422621980273, -1.23149790139147, -3.41465486953057, 2.69156908927658, -1.0514906561873, -0.988579149100492, 0.101973223795282, 5.11139581341696, 2.54698077966321, 5.1745049865599, 2.55443448084416, 2.23601453887483, 3.01444909341683, 1.9107782247493, 5.30170913904184, 3.21218938993729, 4.17437835694904, 4.89840151620512, 4.5829632801692, 4.13351398938808, 4.69812477251436, 7.62189660671612, 5.78592807116784, 4.69088644861166, 3.73162408888071, 4.06031746559438, 0.283399794313436, 2.51825616400034, 5.95167165584731, 5.44982843425021, 3.24500852007803, 6.06928439861687, 0.178612804717182, 2.66612858123794, 0.536291371356863, 3.79335076527773, -1.88757289672654, 2.94942751664619, 2.66499802787196)
"tau_add" <- 0.198419348365668
"tau_yr" <- 0.0815510214470034
"y" <- c(0, 0, 0, 0, 0, 0, 0, 0, 0, 0, 0, 0, 0, 0, 0, 4, 1, 1, 845, 1017, 2569, 199493, 15636, 53328, NA, NA, NA, NA, NA, NA, NA, NA, NA, NA, NA, NA, NA, NA, 157451, 294944, 305775, 14663, 5596, 13865, 84, 2967, 156, 83, 0, 0, 0, 0, 0, 0, 0, 0, 0, 0, 0, 0, 0, 0, 0, 0, 0, 0, 0, 0, 318, 5, 1752, 13521, 1769, 485, NA, NA, NA, NA, NA, NA, NA, NA, NA, NA, NA, NA, NA, 44135, NA, NA, 1789, NA, 5402, NA, 2040, 11053, 25725, 12919, 27, 4, 270, 5, 0, 0, 0, 0, 0, 0, 0, 0, 0, 0, 0, 0, 0, 0, 0, 0, 0, 0, 0, 1, 1, 0, 4, 2, 391, 8435, NA, 73459, 12526, NA, NA, 85819, NA, 43189, NA, NA, NA, NA, NA, NA, NA, NA, NA, NA, NA, 9179, NA, 1764, NA, 18791, NA, 156418, 1500, NA, 5940, 32, 343, 122, 6, 0, 0, 5, 579, 30, 0, 0, 0, 0, 0, 0, 0, 0, 0, 0, 0, 0, 0, 0, 0, 12, 1501, NA, 20, 3, NA, 7768, NA, 845, NA, 288874, 6425356, NA, NA, NA, 766185, NA, NA, NA, NA, NA, NA, NA, NA, NA, NA, NA, NA, NA, NA, NA, NA, 174, 29, 327, 10, 0, 8, 0, 1, 0, 0, 0, 0, 0, 0, 0, 0, 0, 0, 0, 0, 0, 0, 0, 0, 0, 0, 3, 34, NA, NA, NA, NA, NA, NA, 21496231, NA, NA, NA, NA, NA, NA, NA, NA, NA, NA, NA, NA, NA, NA, NA, NA, NA, NA, 32955, 58643, 1601, 12, 123, 128, 8, 5, 1, 7, 163, 0, 0, 0, 0, 0, 0, 0, NA, 0, 0, 0, 2, 11, NA, 15, 8, NA, NA, 2, NA, NA, NA, NA, NA, NA, NA, NA, NA, NA, NA, NA, NA, NA, NA, NA, NA, NA, NA, NA, NA, NA, 586229, NA, 20004, 406, 932, 1411, 108, 0, 0, 0, 0, 0, 0, 0, 0, 0, 0, 0, 4, 0, 0, 0, 0, 0, 0, 0, 0, 0, 7, 2, NA, 281, NA, 47612, NA, 1007, NA, NA, NA, NA, NA, NA, NA, 252711227, NA, NA, NA, NA, NA, NA, NA, NA, NA, NA, 71057513, NA, 3126, NA, 3101, NA, 2040, NA, 33, 1060, 31, 3, 561, 5, 0, 0, 0, 0, 0, 0, 0, 0, 0, 0, 0, 0, 0, 0, 0, 0, 0, 0, 0, 0, 0, 0, 0, 6, 7, 10682, 33388, NA, NA, NA, NA, NA, NA, 641481835, NA, 68479507, NA, NA, 160554589, NA, 2281178, NA, 2082208, NA, 3087247, NA, 2580452, NA, 4300329, NA, NA, 2492308, NA, 1353, NA, 26672, NA, 1745, NA, 172919, 58380, 1597, 66, 4, 0, 0, 1, 1, 2, 73, 0, 0, 0, 0, 0, 0, 0, 0, 0, 0, 0, 0, 0, 0, 0, 0, 0, 43, 57, NA, NA, NA, 69960, NA, NA, 525569, NA, 1657527, NA, NA, NA, 480485, NA, NA, NA, NA, NA, 14926534, NA, NA, NA, NA, 14656, NA, 374, NA, 18, 800, 63883, 417, 714, 709, 19, 66, 94, 37, 92)
"yr" <- c(3.46782774230969, 1.99566407065251, 1.83048748440676, 1.55217199334716, -0.159666899419418, 1.92291552666326, 1.65115149089029, 2.32233833792065, 2.06388433976175)
".RNG.name" <- "base::Marsaglia-Multicarry"
}



######################################################################################################
######################################################################################################
#### Data 
######################################################################################################
######################################################################################################

data{
"y" <- c(NA, NA, NA, NA, NA, NA, NA, NA, NA, NA, NA, NA, NA, NA, NA, NA, NA, NA, NA, NA, NA, NA, NA, NA, 0, 2, 34, 10, 40, 103, 664, 2293, 220, 93, 3194, 677, 490, 347, NA, NA, NA, NA, NA, NA, NA, NA, NA, NA, NA, NA, NA, NA, NA, NA, NA, NA, NA, NA, NA, NA, NA, NA, NA, NA, NA, NA, NA, NA, NA, NA, NA, NA, NA, NA, 0, 8, 81, 35, 416, 135, 527, 75, 1553, 169, 37, 90, 15, NA, 106, 2, NA, 28, NA, 32, NA, NA, NA, NA, NA, NA, NA, NA, NA, NA, NA, NA, NA, NA, NA, NA, NA, NA, NA, NA, NA, NA, NA, NA, NA, NA, NA, NA, NA, NA, NA, NA, NA, NA, 0, NA, NA, 2, 1, NA, 5, NA, 2, 0, 11, 30, 78, 114, 50, 10, 460, 139, 79, NA, 37, NA, 14, NA, 645, NA, NA, 107, NA, NA, NA, NA, NA, NA, NA, NA, NA, NA, NA, NA, NA, NA, NA, NA, NA, NA, NA, NA, NA, NA, NA, NA, NA, NA, NA, 4, NA, NA, 14, NA, 0, NA, 7, NA, NA, 21, 2, 3, NA, 10, 272, 9, 8, 69, 15, 2226, 5062, 6269, 668, 70, 57, 21, 7, 2, 6, NA, NA, NA, NA, NA, NA, NA, NA, NA, NA, NA, NA, NA, NA, NA, NA, NA, NA, NA, NA, NA, NA, NA, NA, NA, NA, NA, NA, 0, 0, 0, 0, 0, 1, NA, 0, 0, 1, 0, 0, 30, 22, 32, 119, 24, 580, 337, 149, 65, 8, 2, 0, 0, NA, NA, NA, NA, NA, NA, NA, NA, NA, NA, NA, NA, NA, NA, NA, NA, NA, NA, 0, NA, NA, NA, NA, NA, 0, NA, NA, 0, 0, NA, 0, 0, 0, 0, 0, 7, 20, 72, 1, 43, 16, 40, 70, 96, 166, 22, 39, 96, 80, 91, 46, 3, NA, 4, NA, NA, NA, NA, NA, NA, NA, NA, NA, NA, NA, NA, NA, NA, NA, NA, NA, NA, NA, NA, NA, NA, NA, NA, NA, NA, NA, NA, 0, NA, 0, NA, 0, NA, 0, 0, 0, 3, 3, 3, 9, NA, 10, 11, 51, 76, 61, 77, 411, 224, 595, 1335, NA, 11541, NA, 65, NA, 33, NA, 4, NA, NA, NA, NA, NA, NA, NA, NA, NA, NA, NA, NA, NA, NA, NA, NA, NA, NA, NA, NA, NA, NA, NA, NA, NA, NA, NA, NA, NA, NA, NA, NA, NA, 0, 1, 0, 19, 32, 187, NA, 527, NA, 132, 243, NA, 184, NA, 241, NA, 82, NA, 346, NA, 43, NA, 162, 57, NA, 278, NA, 14, NA, 2, NA, 18, NA, NA, NA, NA, NA, NA, NA, NA, NA, NA, NA, NA, NA, NA, NA, NA, NA, NA, NA, NA, NA, NA, NA, NA, NA, NA, NA, NA, NA, NA, 0, 1, 18, NA, 1, 2, NA, 13, NA, 11, 6, 27, NA, 198, 26, 54, 113, 94, NA, 134, 1994, 297, 109, NA, 54, NA, 9, NA, NA, NA, NA, NA, NA, NA, NA, NA, NA, NA)
"year_no" <- c(1, 1, 1, 1, 1, 1, 1, 1, 1, 1, 1, 1, 1, 1, 1, 1, 1, 1, 1, 1, 1, 1, 1, 1, 1, 1, 1, 1, 1, 1, 1, 1, 1, 1, 1, 1, 1, 1, 1, 1, 1, 1, 1, 1, 1, 1, 1, 1, 1, 1, 1, 1, 2, 2, 2, 2, 2, 2, 2, 2, 2, 2, 2, 2, 2, 2, 2, 2, 2, 2, 2, 2, 2, 2, 2, 2, 2, 2, 2, 2, 2, 2, 2, 2, 2, 2, 2, 2, 2, 2, 2, 2, 2, 2, 2, 2, 2, 2, 2, 2, 2, 2, 2, 2, 2, 2, 2, 2, 3, 3, 3, 3, 3, 3, 3, 3, 3, 3, 3, 3, 3, 3, 3, 3, 3, 3, 3, 3, 3, 3, 3, 3, 3, 3, 3, 3, 3, 3, 3, 3, 3, 3, 3, 3, 3, 3, 3, 3, 3, 3, 3, 3, 3, 3, 3, 3, 3, 3, 3, 3, 3, 3, 3, 3, 3, 3, 3, 3, 3, 4, 4, 4, 4, 4, 4, 4, 4, 4, 4, 4, 4, 4, 4, 4, 4, 4, 4, 4, 4, 4, 4, 4, 4, 4, 4, 4, 4, 4, 4, 4, 4, 4, 4, 4, 4, 4, 4, 4, 4, 4, 4, 4, 4, 4, 4, 4, 4, 4, 4, 4, 4, 4, 4, 4, 4, 5, 5, 5, 5, 5, 5, 5, 5, 5, 5, 5, 5, 5, 5, 5, 5, 5, 5, 5, 5, 5, 5, 5, 5, 5, 5, 5, 5, 5, 5, 5, 5, 5, 5, 5, 5, 5, 5, 5, 5, 5, 5, 5, 5, 5, 5, 5, 5, 5, 5, 5, 5, 5, 6, 6, 6, 6, 6, 6, 6, 6, 6, 6, 6, 6, 6, 6, 6, 6, 6, 6, 6, 6, 6, 6, 6, 6, 6, 6, 6, 6, 6, 6, 6, 6, 6, 6, 6, 6, 6, 6, 6, 6, 6, 6, 6, 6, 6, 6, 6, 6, 6, 6, 6, 6, 6, 6, 7, 7, 7, 7, 7, 7, 7, 7, 7, 7, 7, 7, 7, 7, 7, 7, 7, 7, 7, 7, 7, 7, 7, 7, 7, 7, 7, 7, 7, 7, 7, 7, 7, 7, 7, 7, 7, 7, 7, 7, 7, 7, 7, 7, 7, 7, 7, 7, 7, 7, 7, 7, 7, 7, 7, 7, 7, 7, 7, 7, 8, 8, 8, 8, 8, 8, 8, 8, 8, 8, 8, 8, 8, 8, 8, 8, 8, 8, 8, 8, 8, 8, 8, 8, 8, 8, 8, 8, 8, 8, 8, 8, 8, 8, 8, 8, 8, 8, 8, 8, 8, 8, 8, 8, 8, 8, 8, 8, 8, 8, 8, 8, 8, 8, 8, 8, 8, 8, 8, 8, 8, 8, 8, 8, 9, 9, 9, 9, 9, 9, 9, 9, 9, 9, 9, 9, 9, 9, 9, 9, 9, 9, 9, 9, 9, 9, 9, 9, 9, 9, 9, 9, 9, 9, 9, 9, 9, 9, 9, 9, 9, 9, 9, 9, 9, 9, 9, 9, 9, 9, 9, 9, 9, 9, 9, 9, 9, 9, 9, 9, 9)
"beta.m" <- c(0, 0, 0)
"beta.v" <- structure(c(1000, 0, 0, 0, 1000, 0, 0, 0, 1000), .Dim = c(3, 3))
"Temp" <- c(-5, -13.3333333333333, -16.1111111111111, -16.6666666666667, -10.5555555555556, -11.6666666666667, -15.5555555555556, -12.2222222222222, -16.1111111111111, -26.1111111111111, 2.22222222222222, -1.66666666666667, -3.33333333333333, -2.77777777777778, 0.555555555555556, 2.22222222222222, -2.22222222222222, -0.555555555555556, 12.2222222222222, 6.11111111111111, 7.77777777777778, 15.5555555555556, 6.11111111111111, 11.1111111111111, 14.4444444444444, 20, 16.6666666666667, 16.1111111111111, 16.1111111111111, 15, 15, 13.3333333333333, 12.7777777777778, 13.8888888888889, 15, 7.77777777777778, 4.44444444444444, 3.88888888888889, 16.1111111111111, 12.2222222222222, 11.6666666666667, 5.55555555555556, 6.66666666666667, 9.44444444444444, -1.66666666666667, 10.5555555555556, 1.11111111111111, 2.77777777777778, -12.7777777777778, -12.2222222222222, -3.88888888888889, -0.555555555555556, -19.4444444444444, 1.11111111111111, -17.2222222222222, -11.6666666666667, -10.5555555555556, -2.22222222222222, -7.22222222222222, -17.2222222222222, -11.6666666666667, -5.55555555555556, -9.44444444444444, 0.555555555555556, -6.66666666666667, -6.11111111111111, 0.555555555555556, -1.66666666666667, 11.6666666666667, -3.33333333333333, 12.2222222222222, 10.5555555555556, 4.44444444444444, 3.88888888888889, 13.3333333333333, 15.5555555555556, 11.6666666666667, 11.1111111111111, 13.8888888888889, 17.7777777777778, 14.4444444444444, 17.2222222222222, 16.6666666666667, 16.1111111111111, 13.3333333333333, 8.33333333333333, 9.44444444444444, 8.88888888888889, 12.2222222222222, 7.22222222222222, 3.88888888888889, 6.11111111111111, 8.88888888888889, 3.33333333333333, 7.77777777777778, 10, 10, 7.77777777777778, -3.88888888888889, -1.66666666666667, 8.88888888888889, -3.33333333333333, -8.88888888888889, -4.44444444444444, -4.44444444444444, -2.77777777777778, -3.88888888888889, 1.11111111111111, -18.3333333333333, -1.66666666666667, -21.6666666666667, -8.33333333333333, -7.22222222222222, -16.6666666666667, 1.11111111111111, -1.11111111111111, -6.11111111111111, -20, -5.55555555555556, 2.22222222222222, -6.11111111111111, 2.77777777777778, 0, -4.44444444444444, 3.33333333333333, -0.555555555555556, 10, 11.1111111111111, 12.7777777777778, 10, 6.66666666666667, 7.77777777777778, 7.77777777777778, 12.7777777777778, 6.11111111111111, 11.1111111111111, 17.7777777777778, 14.4444444444444, 12.2222222222222, 13.3333333333333, 14.4444444444444, 19.4444444444444, 11.1111111111111, 17.2222222222222, 14.4444444444444, 7.77777777777778, 4.44444444444444, 8.33333333333333, 8.88888888888889, 4.44444444444444, 11.1111111111111, 8.88888888888889, 1.66666666666667, 16.6666666666667, 1.66666666666667, 6.66666666666667, 8.88888888888889, -2.77777777777778, 7.22222222222222, 2.77777777777778, -2.22222222222222, -3.88888888888889, -6.66666666666667, 5.55555555555556, 10, -0.555555555555556, -16.6666666666667, -5, -10, -6.66666666666667, -9.44444444444444, -8.33333333333333, -6.66666666666667, -8.88888888888889, -5.55555555555556, -2.22222222222222, 1.66666666666667, -1.11111111111111, -3.33333333333333, -2.22222222222222, -3.88888888888889, 6.11111111111111, 11.1111111111111, -2.77777777777778, 2.22222222222222, -1.66666666666667, 8.33333333333333, 11.6666666666667, -0.555555555555556, 7.77777777777778, 13.8888888888889, 13.3333333333333, 17.7777777777778, 13.8888888888889, 10.5555555555556, 8.88888888888889, 14.4444444444444, 17.7777777777778, 10, 21.1111111111111, 20.5555555555556, 16.1111111111111, 20.5555555555556, 19.4444444444444, 14.4444444444444, 14.4444444444444, 15, 15, 13.3333333333333, 2.22222222222222, 8.33333333333333, 13.8888888888889, 7.77777777777778, -1.11111111111111, 0.555555555555556, 7.22222222222222, -2.22222222222222, -5.55555555555556, 4.44444444444444, -5.55555555555556, 0.555555555555556, -10, -13.3333333333333, -2.77777777777778, -13.3333333333333, -15.5555555555556, -7.77777777777778, -10.5555555555556, -4.44444444444444, -11.6666666666667, -16.6666666666667, -11.6666666666667, -20.5555555555556, -16.6666666666667, -1.11111111111111, -1.11111111111111, -7.77777777777778, -2.22222222222222, -6.66666666666667, 5.55555555555556, 5, 18.3333333333333, 5, 2.77777777777778, 11.1111111111111, 14.4444444444444, 16.6666666666667, 17.7777777777778, 18.3333333333333, 10.5555555555556, 16.6666666666667, 16.1111111111111, 15, 11.6666666666667, 19.4444444444444, 12.2222222222222, 16.1111111111111, 13.3333333333333, 11.1111111111111, 20, 12.7777777777778, 12.7777777777778, 15, 16.1111111111111, 14.4444444444444, 0.555555555555556, 11.1111111111111, 10.5555555555556, 2.77777777777778, -3.33333333333333, 6.11111111111111, 3.88888888888889, -1.66666666666667, 0, -2.22222222222222, 2.77777777777778, 7.22222222222222, -11.1111111111111, -6.66666666666667, -2.77777777777778, -18.8888888888889, -3.88888888888889, 0.555555555555556, -6.66666666666667, -2.77777777777778, -1.11111111111111, -5.55555555555556, -2.22222222222222, 2.22222222222222, 3.33333333333333, 2.22222222222222, 1.66666666666667, 0.555555555555556, -1.11111111111111, -0.555555555555556, 0, 6.66666666666667, 11.1111111111111, 9.44444444444444, 17.7777777777778, 13.3333333333333, 10.5555555555556, 11.1111111111111, 21.1111111111111, 16.1111111111111, 20, 15, 11.6666666666667, 16.1111111111111, 18.8888888888889, 16.6666666666667, 18.3333333333333, 11.1111111111111, 8.33333333333333, 16.1111111111111, 7.22222222222222, 3.33333333333333, 11.1111111111111, 15.5555555555556, 12.2222222222222, 5.55555555555556, 1.11111111111111, 6.66666666666667, 6.66666666666667, 1.11111111111111, -6.11111111111111, -6.11111111111111, -6.66666666666667, -3.88888888888889, -7.22222222222222, -1.11111111111111, -1.66666666666667, -21.1111111111111, 2.22222222222222, -1.11111111111111, -21.6666666666667, 13.3333333333333, -12.7777777777778, -5, -8.33333333333333, -1.66666666666667, -0.555555555555556, -2.22222222222222, -11.6666666666667, 0.555555555555556, -2.77777777777778, 5, -1.66666666666667, 4.44444444444444, 7.22222222222222, 4.44444444444444, 15, 2.77777777777778, 5.55555555555556, 12.2222222222222, 13.8888888888889, 10.5555555555556, 9.44444444444444, 6.66666666666667, 17.2222222222222, 18.3333333333333, 21.1111111111111, 20.5555555555556, 22.7777777777778, 10, 13.3333333333333, 19.4444444444444, 8.33333333333333, 13.8888888888889, 17.7777777777778, 14.4444444444444, 16.6666666666667, 18.3333333333333, 2.22222222222222, 4.44444444444444, 6.66666666666667, 7.22222222222222, 7.22222222222222, 6.11111111111111, 0, 1.66666666666667, 9.44444444444444, -1.11111111111111, -2.22222222222222, 10.5555555555556, -3.88888888888889, -10.5555555555556, -4.44444444444444, 0, -10.5555555555556, -5.55555555555556, -6.11111111111111, -15, -17.7777777777778, 0, -22.7777777777778, -18.8888888888889, -12.7777777777778, -11.6666666666667, -7.77777777777778, -17.2222222222222, -21.6666666666667, -11.6666666666667, 0, -9.44444444444444, -5.55555555555556, -5.55555555555556, -6.66666666666667, 2.22222222222222, 3.88888888888889, 1.11111111111111, 15.5555555555556, 10.5555555555556, 5, 13.3333333333333, 12.2222222222222, 16.1111111111111, 19.4444444444444, 22.7777777777778, 18.8888888888889, 20, 14.4444444444444, 12.7777777777778, 20, 18.3333333333333, 12.2222222222222, 12.2222222222222, 17.2222222222222, 11.6666666666667, 13.3333333333333, 14.4444444444444, 8.88888888888889, 16.1111111111111, 15.5555555555556, 13.8888888888889, 11.1111111111111, 10, 16.1111111111111, 4.44444444444444, 3.33333333333333, 6.11111111111111, 12.2222222222222, 5.55555555555556, 5.55555555555556, 0, 18.8888888888889, 8.88888888888889, 2.77777777777778, 0, -2.22222222222222, -7.22222222222222, -2.22222222222222, 1.11111111111111, -0.555555555555556, 0.555555555555556, 6.66666666666667, -7.22222222222222, -24.4444444444444, -20.5555555555556, -10.5555555555556, -26.1111111111111, -6.11111111111111, -7.77777777777778, -12.7777777777778, -11.6666666666667, -4.44444444444444, -3.33333333333333, -11.1111111111111, 0.555555555555556, -7.77777777777778, -2.22222222222222, -3.88888888888889, 1.66666666666667, 6.66666666666667, 3.33333333333333, 0.555555555555556, 5, 17.2222222222222, 10, 11.6666666666667, 16.6666666666667, 10.5555555555556, 16.6666666666667, 12.2222222222222, 15.5555555555556, 12.2222222222222, 9.44444444444444, 12.7777777777778, 16.6666666666667, 10, 13.8888888888889, 21.1111111111111, 18.3333333333333, 13.3333333333333, 16.1111111111111, 18.3333333333333, 12.7777777777778, 6.11111111111111, 6.66666666666667, 5.55555555555556, 2.77777777777778, 3.88888888888889, -0.555555555555556, 9.44444444444444, 14.4444444444444, 0, 6.11111111111111, 5.55555555555556, -1.66666666666667, 4.44444444444444, 3.88888888888889, 1.66666666666667, 4.44444444444444)
"N" <- 513
"x_ic" <- -2.30258509299405
"tau_ic" <- 100
"a_add" <- 0.001
"r_add" <- 0.001


}

######################################################################################################
######################################################################################################
