######################################################################################################
######################################################################################################
#### JAGS model file written by runjags version 2.0.4-2 on 2019-04-23 17:00:32 
######################################################################################################
######################################################################################################

model{
for(i in 1:N){
#this fits the blended model to your observed data. 
y[i] ~ dpois(m[i])
#No blending but keeps mu on the log scale
m[i] <- exp(mu[i]) 
}
#### Process Model
for(i in 2:N){
mu[i]~dnorm(x[i],tau_add) #mu's here are on log scale
x[i] <- x[i-1] + yr[year_no[i]] # Adding year as a random effect
}
#### Priors
x[1] ~ dnorm(x_ic,tau_ic) 
tau_add ~ dgamma(a_add,r_add)
mu[1] ~ dgamma(1,1)
tau_yr ~ dgamma(0.01,0.01)
#Loops through number of years and defines prior for each year 
for(i in 1:max(year_no)) {
yr[i] ~ dnorm(0,tau_yr)
}
}
#monitor# tau_add, tau_yr, yr, mu, x

######################################################################################################
######################################################################################################
#### Initial values 
######################################################################################################
######################################################################################################

inits{
".RNG.state" <- c(483, -2092744005, -257987262, 2027089817, 819885411, 655259768, 1215115068, 1879354046, 1759661991, -1629055022, -922341702, 1847493170, -2090106878, 634475439, -741727394, -1751826410, -1053861026, -1660509114, -1174550237, 205732100, 385738069, -748320783, -1025401793, 763069677, 41991285, -1705535630, -960923179, -1511652035, -1868293694, -501910353, 416525423, -1581958341, -172448871, 1515146644, -1612537830, -399519683, 1341769273, 1879881830, -567108029, -53467869, 212901389, 1779381611, -71948912, 1992026678, -955404360, 2093925155, 614508176, 2083596715, 1300405653, -57172459, 171503820, 1748724399, 1485655166, -314099472, 2065841383, 1067954400, -695832298, 1150804481, -590349715, 1116351772, -152556627, -1302537745, -1012371399, 864401405, 1293056765, 248936669, -1042611428, 1630408068, -1631790522, -1771153752, 171148897, 1267745258, -1932777738, 2092386743, -1033402738, 527370043, 281971014, -1723979333, 36415738, 1877509499, -1923182925, 815962663, -546224235, 424348958, -750152199, -1791591366, -1704225895, -128121214, 2101376012, -873156952, 502935329, -748276473, 1340967335, 1483344742, 1532129265, -2065916994, 2110338028, -2044088903, 1631725254, 1896873160, 4990304, 2038993707, 1795306056, 704011154, 792654151, -1278886829, -1292463718, -1171478620, 635885275, 876966315, 337114174, 837553149, 511538390, 1496107541, -107256759, -2028870704, -858119442, -1979474225, 1875656242, 45868036, 2053261853, -1494416438, -244036680, -1031958181, -1175426129, 445418131, 334135937, -1318967740, 324738262, 333143177, -1913685156, -1030640980, 753351002, -48106806, -1253993349, 2018347410, 1675960741, -778567810, -1528632907, -742406549, -808659524, 1029016659, 673186663, 477455993, 971192584, 774429485, 1919880467, -752589409, 716629403, 351455187, 1326534812, 195085149, -1510121456, -1294964119, -973997750, -332923859, 245597712, -1543775046, 2062381512, -945522471, -1807849611, 1002974341, -2099733888, -959511503, -957450925, 639754649, 717763966, 2027508061, 327938453, -98850261, -1432708420, -882013893, -465913630, 1905465880, 2049997549, 1942622204, -904574596, -94787864, 1451648796, -1631923144, 1179971950, -822676394, 366178699, -248626368, -1670030694, -1360695885, -718024816, -922425772, 1101373922, 1364733644, -1664254523, -267168404, -569994315, -180595857, -459133655, 582745583, 839522729, -346690126, 1841576842, 1662439189, 1419517743, 1903827950, 997520793, 402652638, 944866648, -504876805, -966694115, -1980505312, 57644683, -423929246, 967279665, 413557915, -1834320980, 694994118, 995095454, -1388468605, 643197125, -406773799, 268779536, 801648592, -1798953273, 2015185826, -1485306023, 1644858, -309394470, -1568547091, -2074496681, 1794409961, -374203680, 58345163, -1252734644, 760015862, 1618053815, -285354712, -1843683821, -2099361205, 90230951, -1868088042, -600747304, 1265194822, 1903155323, 206442025, 558510803, -393873048, -1682658051, 1630840021, 648402608, 981736652, -468110523, 869856404, 1529226010, 580154152, 1332020197, 1120240004, -731641637, 823666169, 1906363906, 1909101683, -632378690, -103730230, -2146220533, -1743180481, -1344679927, -1138323590, 1398257995, -1309873680, 1478133519, -1710000017, -1604772059, 1331899665, -91896143, -570542708, -289502145, -2105711048, 517711516, -2057318311, -1313552275, -1619334665, -185076922, 1586229707, -1882358632, 156313784, -1721795634, -757041007, -851668282, -1158078768, -227492123, 416505465, -548542559, 1065448448, 2040410510, -1975734748, -1910338465, 760151840, -2110066601, -251109409, -1181018538, -606509771, 2079572492, 1942160462, 1906439296, 1687448137, 506775526, -1609150162, 1983996543, 372695652, 1677277496, 1806129628, 484869941, -1335665557, 1279555169, -1190204326, -592808361, 1091793694, -1272062921, -477372478, 1348712232, 877674035, 1832859356, 409275101, -1140393818, -1680378156, 698423494, -215758388, -1850658849, 1377064244, -1828226577, -228011424, -1985983920, -349588843, 1796084425, -890479504, 1650711204, -696151999, 1072881217, 2107011701, 122638589, 567549018, -1856543948, 1500121686, -1564194483, 208939439, 1253307996, -1705912609, 1567781921, -317658070, 762331529, -1583031790, 1143025592, 1735601133, -1959220717, 813520497, 578660171, -872057201, 353770814, 1913534279, 414633699, 1511497712, -1011201912, 41747871, 2026740104, -1472514151, 1018204878, 846419095, 2025646254, 2015246651, -1008533622, -985193655, 832335742, 1742449540, 1513901268, -2138637353, 1040776417, 2088737131, 896027743, -1992642586, -1286746497, -859532903, 1995563504, -1773029960, -1658728074, 2031188073, -91295623, -925456542, 1243169078, -96865106, -1686868560, -684013029, -1500049519, -1414152444, 920547339, -2010397296, -376985449, 1236939253, 1436176258, 1937556, -1174009839, 799934675, 1912904925, 1341556865, 1170662754, -1998150258, -1646396700, 45941817, -629141319, 2127400123, -637821374, -2089607146, -719418747, -1668204360, -1950288909, -865095387, 1488931756, -263535409, 278290601, -231915872, 643383031, 226489145, 1781120862, 343488544, -1071993067, 1654169328, 1828151000, -810939021, -219187038, 203935524, 1824835428, -1972435766, 1081720913, 375334170, 1690504897, 1559170155, 48776434, -769616454, -804312488, -568168215, -482417503, 1232681097, -686082070, 1078651488, -341030426, 605197341, -1018560845, -1748480628, 1081877405, 920556407, 668721588, -2071254744, -1958501047, -43299362, 2145606683, -1654629345, -764101982, 629648066, 1928602405, 882571885, 1718230400, -759687785, 1158860684, 763814984, 857785708, -1981117895, 779698802, -2140597492, -2037301622, 1029183473, -464466048, -1081061814, -638677857, -2034166641, -1256715867, -460575670, 1935048498, -792901011, 75779447, 81035129, -1579796305, 1885458287, 1169916760, 137947686, 1700093281, -1530248596, -1092172009, 595069522, 2130626505, -1661015756, -223153585, -311856055, 423577034, -1490621474, -1958541602, -1344042524, -2107132397, -643809425, 1977360866, 1559548638, 1719748001, -788550116, -699769165, -235680345, 346446188, -1486445682, -1647421707, -1464194982, -273185528, -941496798, 730489153, 1924315641, -283688033, -634088207, -508203239, -331057387, -1608821540, -1300278628, 282197107, -1147682687, -132304576, 595984082, 1662205524, 400196184, 590194939, -1095261862, 712673457, 875406680, 62809332, -395854664, -1602399282, -316937040, -510639355, 620065757, -1214812983, -1734607887, -898838341, 431857432, 1464973449, -1043928905, 949888018, 1546061093, -319650845, 1407144422, -1599516053, 1703868812, 1952043912, 1183289531, 93753321, -1983889676, 167508285, 1049982462, 926880983, 1070524992, -1934490332, 713384185, -1231842884, -2135851468, -1763029002, -787260250, 1018872464, -1771233313, 1038100334, 786269445, -888848742, 1390105917, 1278142225, 1338674863, -250347033, 1396930650, -11133750, 1877753341, 126832598, -602039757, -129596407, -876142753, 464965116, 854762315, -1439752341, 1653518865, 870257559, 1343261587, 422816639, 80672681, 1832110201, -39429864, 1584354299, 2093301102, -334480376, -1613813911, -274754993, 1406408047, -1397549357, -1531270244, -1266150758, -814842386, 981299906, 484174057, -1028691970, -76094128, 1997452453, 1914707709, -1068397428, 836843820, -924423799, -617543095, -973328790, -77558377, -1003938977, 872573459, -74220904, 2009566906, 1246743850, 221838273, -861514289, -789077749, 1652028214, 1195583132, 1652058040, 671358321, 846813135, 511854159, 185894634, 881789906, 1050333797, 1841542935, -284560589, -1299170031, -150529711)
"mu" <- c(0.155614617038459, -2.46528770842595, -1.36366455450518, -0.979457215812519, -4.53247244473202, 0.491226867554092, -4.30852299417402, -1.11923571468964, 4.28960340787598, 4.32468470121202, 0.352975857683468, -3.63981524960848, 0.551641252841621, 1.8692987249616, 3.97730895701782, 3.04921406422498, 1.33105095816472, 0.311929147954414, -1.5874547369538, -1.039319887228, 3.20526794367059, 5.79088956662565, 7.17027323367959, 4.79938468510074, -0.245216120266994, 0.21861222685791, 3.1596480690306, 2.02479983686478, 3.49776976076888, 4.58935485697051, 6.46106013646246, 7.73980352417731, 5.53458557595031, 4.39112967878441, 8.06548178694707, 6.54167601630316, 6.1397449493252, 5.79026198092441, 5.7666534762214, 0.543880622797349, 1.51602761673003, 3.8145014987057, 3.87740039404826, 3.04742776658737, 7.25030930383519, 6.26752037307429, 5.18192871798769, 2.72255587753719, 6.63558275116188, 11.1983409386871, 10.4319831690135, 7.41533891867013, 3.48204878458914, 8.34367552644903, 8.51863752522728, 8.65893950945958, 4.36646844370935, 9.11340544605996, 6.82023132904841, 10.8284049562332, 5.58121997494185, 6.41619487192833, 5.66677641438409, 1.10982687804191, 2.95847747113715, 8.5820728286059, 4.62604641343653, 7.88160915839485, 3.90926104671275, 1.49354883941818, 9.11100916379963, 6.36282577018433, 1.58256963767926, 5.88484897373049, -0.335896961973001, 2.32014529208908, 4.48330489544379, 3.33659549036817, 6.04146891246326, 4.88202756812799, 6.28521538614371, 4.18082510818849, 7.38199691518642, 5.24693938423946, 3.77271742846218, 4.57495494973061, 2.61020389909706, 5.2866670186652, 4.51878932192505, 0.0933460840444782, 1.8745273617368, 3.05202239728588, 2.89811183789388, 3.77208499435192, 7.47950261265499, 3.25272625090939, 3.91578899758753, -0.869867022642029, -0.247193134852958, -3.93531371819027, 0.186970554729134, -2.63858293202041, -6.47471514824742, -0.57645930548827, -2.9460687426048, -1.0738890679696, 0.231626666473655, -1.02111729410451, -0.836626800682248, 0.0459070516789607, -4.16280631379943, -2.74406466811959, 0.512721953617314, -2.73009321040184, 2.2121911014098, 0.864063305868638, 4.8193134092015, 2.42640232924304, 3.90326339357232, 1.77769879916506, 2.53520235617865, 1.08971956964086, -1.84408878606707, 2.36894501540219, 0.0126049457971713, 2.83975537290315, 6.09076456678836, -2.03212150465532, -3.87893567890353, -1.60876746931203, -2.32802567360601, -0.0731768748344739, 0.538675637347829, 0.187839849294454, 1.89097203085521, 3.74228998087041, -0.486856906384593, -2.50892639424342, 2.10513865555591, 3.34276023383211, 4.47700704539605, 4.71700373608282, 3.70937858376788, 2.43661712705964, 6.1094648106246, 5.00745609016495, 4.37276325759591, 3.04085907160099, 3.56201392667898, 1.80168224374684, 2.54467782786186, -3.20125195094492, 6.46327452123181, 0.914151897449275, 6.6104402003686, 4.70905321379935, 8.18418753016788, 2.31756379920785, 6.69380537545081, 3.18232986500721, 6.07762916877799, 1.82787846125049, 4.66734931272948, 4.22113564310387, 2.35757871479164, 7.57220169663284, 4.94404426274896, 2.78696907416106, 5.00094363112616, 9.54414919298629, 6.14085129272988, 10.6173992611739, 3.79609968284257, 2.0925382064081, 6.71481882119057, 9.11722715143148, 5.61354775316134, 10.1947474100093, 3.15621328420756, 9.69180554570341, 4.47079604518186, 3.76384569407883, 0.291118241867929, 1.75553332461181, 4.33475980228044, 4.57885584475549, 2.23916094918444, 5.89261701381283, -0.347689080753973, 4.12785243388724, 1.49501667740788, 2.39847054275134, 3.45320463801511, 2.85656464619603, -0.189220786366809, 1.59787527997746, 9.05144229480042, 2.41696220395904, 5.594637716133, 2.45210552885213, 1.99870778916117, 4.2612994504873, 2.88248851680739, 7.72361135435741, 8.53913397747983, 8.76578362366647, 6.49594466397492, 4.24784818462817, 4.02373188607095, 3.07162179703709, 2.38803910972318, 0.427548238608092, 2.14983229863694, 2.21729744034957, 0.401392122957155, 0.272638054286148, 4.56021137156957, 2.43587140078443, -1.50944649045589, -0.126188712207884, -2.15588654420147, 0.66418647236525, 6.02555074235927, 4.8854944789059, -1.17701206018432, 3.32945406692075, 2.59333964400157, 2.89816760419936, 0.367400521369422, 1.17991123672114, 0.690191132617317, -1.62760581606145, -1.02252612122967, 0.925272779497867, 2.21475038252732, 2.15814715518032, 5.48082753484642, 5.46160712070987, 2.47785191702335, 4.95000465152863, 4.44946555299854, -2.81215305480852, -0.595247019704153, -1.50259151352753, -3.03599187669229, -2.13672007279556, 0.288436854001264, -0.423136040082112, -0.583653950090124, -0.296350981156024, 0.942568186378085, 0.125131021435847, -1.74948502285895, 3.08461209122312, 2.89622586443228, 3.29072501759504, 4.62276693892119, 3.03334538188989, 6.31642389753315, 5.82705933662809, 5.01654536958152, 4.43201156594709, 1.90876065746494, -0.209602386504602, -4.24704341550837, -2.08701103597219, 2.87716372256141, 5.68296374989868, -5.71457035637475, -2.03652930019693, 1.30107831073573, -0.0915980368321779, 3.32275208496612, 0.203258744032207, 1.57741169954328, -2.68993247036953, 2.84809713773621, 5.43973794751307, -1.66925011173065, -3.03486843132967, -0.366784706366848, 2.96940073544155, -6.56251216432699, 1.21135159319197, -0.895693926467956, 7.85214556290972, 0.111596875474698, 1.6589719863315, -3.20313689041456, -0.466299806767627, -2.44855769576142, 2.80099484260879, -2.31494538292764, -0.985452586890729, -4.11703449932504, -2.5755569675357, 0.230388851714412, -2.19540931135514, -0.556579765871739, -0.753755137411724, -3.09586638626684, 1.9031539090553, 2.76617409802348, 4.42161542661276, -0.578470163200921, 3.72879840161347, 2.42453382376358, 3.63812327270623, 4.20889813442181, 4.43199004825479, 5.09565128365824, 2.75207918024727, 3.66520742167456, 4.32364076195975, 4.45031300118374, 4.37981005674918, 3.77933819195332, 1.17612493207933, 1.40081661879385, 2.04453148856291, 1.60098818429144, 3.9153136611504, 4.14809356668115, -0.470069658333358, 3.8645386455442, 3.48935073978225, 0.122034165388279, 0.256211113613009, -2.07614267099643, 4.90170346330547, 2.22211748566415, -0.268474954991265, 4.64580947911188, 4.20086744921675, 0.237903546891394, 3.05000171443945, 5.44381643524693, 6.17859369203276, 5.57908911411727, 1.20482474868386, 3.96392950000658, 0.681732218798299, 3.86733543968864, 3.51630954580866, 2.70978848636163, -0.623229421517717, 1.17930538885391, -2.90682028083151, -3.48942834388619, 1.79869182511911, -0.545408175579724, 1.46603170174302, -1.08513979535684, 5.82518245189414, 0.341411754387912, -1.02396238033881, -0.375242167647876, 1.59172484965179, 1.62992168876732, 1.86939621091245, 2.07239052199571, 3.12054505762803, 2.25288461617564, 1.86761165014624, 3.73451791338585, 4.3026075939567, 4.39846696651712, 4.49425172547507, 5.97539157658338, 5.33264172779217, 6.45937316481283, 7.19107934922781, -1.54473922802988, 9.35050942718454, 2.75406278227982, 4.08400494384996, 3.70348762603588, 3.70441516148279, 1.6708867208552, 0.150590041106721, 2.65374591433043, -0.491637248767495, 2.54048641202257, 5.0256963315151, 1.89453436246845, -0.970925753918178, 5.82108277321229, 0.388199513430393, 3.26135920852049, -0.968644945646175, 4.67386252740433, 2.80772108669516, 5.28413954160264, 1.50291767314724, 6.68210183344979, 0.586472866328652, 1.23697698063033, 3.79479827432284, 1.94785731933294, -2.06138087964202, 4.19262345521945, 4.61298920481952, 5.36445259518599, 3.29972154594477, 1.65368139469909, 4.14461062126416, -0.60599426820812, 2.44645157891919, 2.95207810926641, 5.97915565272568, 3.9684615985539, 2.87824848036584, 3.14841321762949, -3.29093342218477, 0.662945834959484, -2.28541965450869, 2.42433134749869, 3.7552926193185, 5.19772688868629, 3.44446376074542, 6.22254925837613, 9.11590974386803, 4.97800411487744, 5.44582832208827, 3.11076328120278, 5.22745098907607, 4.61928533803379, 5.46217719691174, 4.17356817104609, 4.47798020242007, 4.46835683441763, 5.89231692190831, 6.2092666930208, 3.68900611186753, 4.9422059664182, 5.15907323190045, 4.04246871384779, 0.990043286930217, 5.67183463726987, 8.30187609191093, 2.72595705835258, 4.87822773072522, -0.400281280325674, 3.25012531041623, 2.70557148145308, 3.62222399622278, -1.16618019368642, 2.05041432726639, 2.24434652929476, 1.79720912584102, 5.17532111637863, 1.01544163353296, 6.14956131357608, 0.65755315148671, 0.80362193180068, 4.91197548858697, 2.36939563636152, 1.84671400293241, 1.7777701305505, 5.51395543199837, 1.33105000598709, 4.62106318281996, 2.25382045440772, 5.86379544066725, -1.2521238847269, 4.71188635314679, 3.68297050169824, 6.74463922017572, 6.28215820393146, -0.6309879117003, 3.98261974288599, -0.548057081413254, 1.52648891389129, 9.45133432840462, 2.56667897788243, -1.72638721132017, 0.443355063156715, 3.00115506140077, -1.15632556071683, 0.596628049848866, 1.26168941801725, 1.86937029357143, 2.62931544740878, 2.42191380512433, 2.45544526385323, 2.10077163160592, 3.42394915249443, 1.69919972747142, 5.28789620312744, 3.17027401940094, 4.15706803098145, 4.75339492652936, 4.70728550972005, 0.613660147591227, 4.80892288506531, 7.54251243355379, 5.70124661758677, 4.76413941948125, 3.76425730593898, 3.87328248682594, 3.96056747920936, 2.3101332519234, 0.683107211252188, -0.245799086928803, 5.14197221698288, 1.31636089856315, 2.95983972009521, 5.34123475561293, 0.79732289652517, 1.73554334220407, 5.92429922833911, 3.19292058676988, 1.34775751607397)
"tau_add" <- 0.124223920866337
"tau_yr" <- 82.6315220487724
"x" <- c(-2.34179639453089, NA, NA, NA, NA, NA, NA, NA, NA, NA, NA, NA, NA, NA, NA, NA, NA, NA, NA, NA, NA, NA, NA, NA, NA, NA, NA, NA, NA, NA, NA, NA, NA, NA, NA, NA, NA, NA, NA, NA, NA, NA, NA, NA, NA, NA, NA, NA, NA, NA, NA, NA, NA, NA, NA, NA, NA, NA, NA, NA, NA, NA, NA, NA, NA, NA, NA, NA, NA, NA, NA, NA, NA, NA, NA, NA, NA, NA, NA, NA, NA, NA, NA, NA, NA, NA, NA, NA, NA, NA, NA, NA, NA, NA, NA, NA, NA, NA, NA, NA, NA, NA, NA, NA, NA, NA, NA, NA, NA, NA, NA, NA, NA, NA, NA, NA, NA, NA, NA, NA, NA, NA, NA, NA, NA, NA, NA, NA, NA, NA, NA, NA, NA, NA, NA, NA, NA, NA, NA, NA, NA, NA, NA, NA, NA, NA, NA, NA, NA, NA, NA, NA, NA, NA, NA, NA, NA, NA, NA, NA, NA, NA, NA, NA, NA, NA, NA, NA, NA, NA, NA, NA, NA, NA, NA, NA, NA, NA, NA, NA, NA, NA, NA, NA, NA, NA, NA, NA, NA, NA, NA, NA, NA, NA, NA, NA, NA, NA, NA, NA, NA, NA, NA, NA, NA, NA, NA, NA, NA, NA, NA, NA, NA, NA, NA, NA, NA, NA, NA, NA, NA, NA, NA, NA, NA, NA, NA, NA, NA, NA, NA, NA, NA, NA, NA, NA, NA, NA, NA, NA, NA, NA, NA, NA, NA, NA, NA, NA, NA, NA, NA, NA, NA, NA, NA, NA, NA, NA, NA, NA, NA, NA, NA, NA, NA, NA, NA, NA, NA, NA, NA, NA, NA, NA, NA, NA, NA, NA, NA, NA, NA, NA, NA, NA, NA, NA, NA, NA, NA, NA, NA, NA, NA, NA, NA, NA, NA, NA, NA, NA, NA, NA, NA, NA, NA, NA, NA, NA, NA, NA, NA, NA, NA, NA, NA, NA, NA, NA, NA, NA, NA, NA, NA, NA, NA, NA, NA, NA, NA, NA, NA, NA, NA, NA, NA, NA, NA, NA, NA, NA, NA, NA, NA, NA, NA, NA, NA, NA, NA, NA, NA, NA, NA, NA, NA, NA, NA, NA, NA, NA, NA, NA, NA, NA, NA, NA, NA, NA, NA, NA, NA, NA, NA, NA, NA, NA, NA, NA, NA, NA, NA, NA, NA, NA, NA, NA, NA, NA, NA, NA, NA, NA, NA, NA, NA, NA, NA, NA, NA, NA, NA, NA, NA, NA, NA, NA, NA, NA, NA, NA, NA, NA, NA, NA, NA, NA, NA, NA, NA, NA, NA, NA, NA, NA, NA, NA, NA, NA, NA, NA, NA, NA, NA, NA, NA, NA, NA, NA, NA, NA, NA, NA, NA, NA, NA, NA, NA, NA, NA, NA, NA, NA, NA, NA, NA, NA, NA, NA, NA, NA, NA, NA, NA, NA, NA, NA, NA, NA, NA, NA, NA, NA, NA, NA, NA, NA, NA, NA, NA, NA, NA, NA, NA, NA, NA, NA, NA, NA, NA, NA, NA, NA, NA, NA, NA, NA, NA, NA, NA, NA, NA, NA, NA, NA, NA, NA, NA, NA, NA, NA, NA, NA, NA)
"y" <- c(3, 0, 0, 0, 0, 0, 0, 0, 0, 0, 0, 0, 0, 0, 0, 0, 0, 0, 0, 0, 0, 0, 0, 0, NA, NA, NA, NA, NA, NA, NA, NA, NA, NA, NA, NA, NA, NA, 0, 0, 0, 0, 0, 0, 0, 0, 0, 0, 0, 0, 0, 0, 0, 0, 0, 0, 0, 0, 0, 0, 0, 0, 0, 0, 0, 0, 0, 0, 0, 0, 0, 0, 0, 0, NA, NA, NA, NA, NA, NA, NA, NA, NA, NA, NA, NA, NA, 0, NA, NA, 0, NA, 0, NA, 0, 0, 0, 0, 0, 0, 0, 0, 0, 0, 0, 0, 0, 0, 0, 0, 0, 0, 0, 0, 0, 0, 0, 0, 0, 0, 0, 0, 0, 0, 0, 0, 0, 0, NA, 0, 0, NA, NA, 0, NA, 0, NA, NA, NA, NA, NA, NA, NA, NA, NA, NA, NA, 0, NA, 0, NA, 0, NA, 0, 0, NA, 0, 0, 0, 0, 0, 0, 0, 0, 0, 0, 0, 0, 0, 0, 0, 0, 0, 0, 0, 0, 0, 0, 0, 0, 0, 0, 0, NA, 0, 0, NA, 0, NA, 0, NA, 0, 0, NA, NA, NA, 0, NA, NA, NA, NA, NA, NA, NA, NA, NA, NA, NA, NA, NA, NA, NA, NA, 0, 0, 0, 0, 0, 0, 0, 0, 0, 0, 0, 0, 0, 0, 0, 0, 0, 0, 0, 0, 0, 0, 0, 0, 0, 0, 0, 0, NA, NA, NA, NA, NA, NA, 0, NA, NA, NA, NA, NA, NA, NA, NA, NA, NA, NA, NA, NA, NA, NA, NA, NA, NA, 0, 0, 0, 0, 0, 0, 0, 0, 0, 0, 0, 0, 0, 0, 0, 0, 0, 0, NA, 0, 0, 0, 0, 0, NA, 0, 0, NA, NA, 0, NA, NA, NA, NA, NA, NA, NA, NA, NA, NA, NA, NA, NA, NA, NA, NA, NA, NA, NA, NA, NA, NA, 0, NA, 0, 0, 0, 0, 0, 0, 0, 0, 0, 0, 0, 0, 0, 0, 0, 0, 0, 0, 0, 0, 0, 0, 0, 0, 0, 0, 0, 0, NA, 0, NA, 0, NA, 0, NA, NA, NA, NA, NA, NA, NA, 0, NA, NA, NA, NA, NA, NA, NA, NA, NA, NA, 0, NA, 0, NA, 0, NA, 0, NA, 0, 0, 0, 0, 0, 0, 0, 0, 0, 0, 0, 0, 0, 0, 0, 0, 0, 0, 0, 0, 0, 0, 0, 0, 0, 0, 0, 0, 0, 0, 0, 0, 0, NA, NA, NA, NA, NA, NA, 0, NA, 0, NA, NA, 0, NA, 0, NA, 0, NA, 0, NA, 0, NA, 0, NA, NA, 0, NA, 0, NA, 0, NA, 0, NA, 0, 0, 0, 0, 0, 0, 0, 0, 0, 0, 0, 0, 0, 0, 0, 0, 0, 0, 0, 0, 0, 0, 0, 0, 0, 0, 0, 0, 0, 0, NA, NA, NA, 0, NA, NA, 0, NA, 0, NA, NA, NA, 0, NA, NA, NA, NA, NA, 0, NA, NA, NA, NA, 0, NA, 0, NA, 0, 0, 0, 0, 0, 0, 0, 0, 0, 0, 0)
"yr" <- c(0.20058142134497, -0.144126878813571, 0.0812662693492635, -0.0338059081573963, -0.0475197410300543, 0.0312027854558844, 0.0174404827189473, 0.00442910730607046, 0.00265691790545362)
".RNG.name" <- "base::Mersenne-Twister"
}

inits{
".RNG.state" <- c(23465, 13324, 14620)
"mu" <- c(0.0544397101034685, 1.96164221098649, -1.53328696784988, 1.43230545824706, -5.7313108837971, -1.0467665815448, 2.71873793202151, 0.477908483965922, -2.99782855638778, 1.65619211470793, 1.29318428314683, 4.42270922821201, -0.204590379845852, -0.344362410387245, 1.26003553345805, -0.551431111580978, 2.53819744438339, 1.17590983115684, 1.20443699115007, -1.71299362995965, 4.75260053248382, 2.50842097506592, 0.391762880468548, 1.58800565193448, -3.88576608768173, 1.66603388502744, 3.27423136682517, 2.51063244388602, 3.6606759781859, 4.7404414465491, 6.4701659012855, 7.69889834834574, 5.26769134425037, 4.57631784941722, 8.06517543547382, 6.51181704544794, 6.22657999990694, 5.87192450632983, 3.83193775751024, 7.70979794216363, 13.2625002284468, 2.82061547088238, 8.81481589941096, 8.93134342191849, 1.12455024438046, 6.89258885576227, 5.12081338281985, 7.54531138618789, 7.81665327405728, 12.3648831084375, 7.47010211425948, 3.36374199302786, 6.4298672231704, 11.5933787190699, 7.37448702822721, 8.61641277022426, 12.3086116783978, 3.63677986979347, 9.29436727991071, 7.97128267363087, 5.82599930505769, 8.81217900921138, 5.38950570672048, 2.91562651360342, 12.2579331300775, 9.40002063561226, 3.46747204413083, 8.35254078797273, 9.14458569402703, 3.99190737076351, 4.69419162623449, 3.09726266501908, 7.51714158707599, 7.25304816187342, -1.27868656556651, 1.56776006793158, 4.48511388709196, 3.64883997514442, 6.00373191071902, 4.89873877155956, 6.1305284794587, 4.18850020184696, 7.33182032397754, 5.18232459036153, 3.85734595335447, 4.4411145373115, 2.60444269596877, 3.20959087494234, 4.69545537974165, 0.900751210364856, 2.71843365495143, 3.12616944568311, 1.21187142806955, 3.11860300232985, 3.2066144097277, -0.575344261937534, 1.79615353938861, 1.94143708537464, 3.67409308524691, 1.0331403358382, 0.75470898696515, 0.272993163035287, 1.0600813772662, 2.38976088279492, 6.19093438708872, 3.25697362477272, -4.72500503727794, 0.0398327280934854, 3.63567569635016, 2.05925169543121, 1.50029748671499, -0.991377452836578, 4.4148435192373, 2.03380342339191, 3.91103118340266, 1.7667489100139, 5.18303840025032, 2.78657094221044, 2.7259373929511, 3.91143577168587, 3.17648402688022, 3.13093780023138, 3.3754717814462, 1.83538913688905, -1.17140888012025, -2.05018342663143, 2.59766927246796, 3.58345404070096, -0.534520035780395, -1.55949036087698, 2.34905084496421, 1.14589198727711, -0.731350306102557, 0.802660544969721, 1.64148536300872, 7.59763316178077, 1.26397947241635, 0.468089663312142, 1.94413646791649, 3.37495358304747, 4.32615637761555, 4.54539915527771, 3.82355406411546, 2.47346909466135, 6.07269170064588, 4.91045556217005, 4.27692932845576, 8.95019774853762, 3.47894732845046, 2.18466323053875, 3.00876982514652, 1.24082109450853, 6.47084206999917, 0.960356528561652, 3.15042233036341, 4.75473431438288, 5.42280959868154, 6.11319294875145, 1.65292942507442, 5.48381310510274, 3.99844106888505, 4.55231085857373, -0.00514532494004349, 6.53803971375274, 5.01914530096441, 4.24889951719084, 4.87812803870308, 1.6625954764295, 3.45794161762445, 5.45511966214239, 4.43842655285164, 1.91645152186858, 6.311851786911, 4.87568464522873, 5.34780980364651, 5.64093028234383, -0.59318524803036, 2.30787640921371, 5.52928622991937, 2.58590571751036, 4.88891885343006, 3.15238829384316, 1.72855648253001, 1.2971844726429, 2.12457106394595, 2.38715813846988, 2.82122941935036, -0.840239905782035, -2.11663826006765, 4.52610937062498, 1.87865983312388, 4.81443254334094, 2.02230874909697, 2.59919860973736, -0.472677970916251, 0.933395085908892, 2.53842496724886, 1.98406459902115, 5.66994374441544, 2.42851548010131, 2.10944716010479, 4.12592900091791, 2.93172391842773, 7.71325341541869, 8.54189862702935, 8.76160832743278, 6.4860386742569, 4.21094573749424, 3.70384980877863, 2.98751871790522, 1.43025109924862, 0.344616538615084, 2.03793420360483, 3.95035701359465, 2.16494557820445, 1.21237428577247, -0.374431604030699, 2.65586535277835, 3.84707734886031, -3.42042340138305, 0.678772141855137, 3.9062533213167, 0.867135192507654, -0.154705777678962, 2.48860085724637, 2.93774074031811, 3.28794250447839, 6.21100112724581, -1.10084596833197, 2.81475338720557, 2.87865858478861, 0.322142591710013, 1.05241824161028, 3.43005908299322, 4.36354985534773, -1.5741751830069, 1.62759552404222, 2.34731297627431, 3.0713049151738, 3.7433334282375, 1.40827987739492, -0.491252859991457, -6.06443459446186, -4.53797168060434, -2.85332098020255, 0.44222430003913, -1.44306001695108, -4.79084877161638, -1.15688412388622, 0.189536767290996, 1.21698484104083, -1.55444950926595, -2.95912532841576, 3.26401819878008, 2.92556909046148, 3.00366006929405, 4.56009767798569, 3.2463590590452, 6.38509257614813, 5.89891433191129, 4.96393190679014, 4.01394306158304, 1.99659131239668, 0.0284641517321083, -1.56845908260116, -1.29952513508203, -1.99882963372801, -0.976056854512459, -2.23080878549508, -4.06469786678814, -1.43136133348727, 3.29143936050316, 3.24488658798021, 0.545329654824274, -0.809795974556806, 2.67293132216065, -2.44700533861793, -2.30810209476481, -1.93016365242455, -0.556287939932157, -0.464000703559354, 0.530028156005579, -2.26282296701582, 7.93557115957309, -5.88384258715276, 2.27948861892638, 0.837083545801844, 0.185164812112347, -1.31730343054428, -0.415119333755446, -1.05638836137591, 0.829429138212274, 1.74724254384214, -1.12261749785985, -3.43320136037815, -0.130917209115786, -5.45769175386032, -0.224316970535754, -1.89863973470123, -2.47160470431228, -3.77179197868291, 1.96399396107999, 3.02613092198367, 4.18779344477823, -0.565357941016354, 3.75358422470853, 3.04947435032524, 3.65624125008533, 4.13434187530511, 4.60410432550612, 5.08809554412124, 3.09318867931973, 3.92286707967219, 4.5369382854541, 4.35627491003317, 4.41292010168973, 3.91028351496031, 1.45724967578802, 0.935035871593953, 1.51795933972833, 1.82986218709187, 4.50554994904971, 2.62804552361342, 0.43555185701128, 3.38087871636817, 5.87012366462681, 6.34157290495207, 2.38545987930935, 2.92257171997075, 3.51040877883064, 1.10236401476646, 3.52027832589204, 3.05357285035381, 0.775411125292268, 5.11486258436396, 4.36799502943299, 4.76547195746619, 1.08192560528169, -0.607260484454947, 4.90726522068628, 0.485698918266793, 0.248605851538621, 6.40923297540387, -4.83776779562511, 2.6429404069007, 4.9730157686391, 3.05739888443536, 2.43708245874221, -2.09754112879322, 0.676935932654775, -1.88660440457473, 4.0133223655436, -0.74613125316301, -1.54932736339018, -1.4006785441425, -2.19557035834059, -4.05172955813033, 1.25243879778614, -0.428127010839446, 1.77071985607914, 1.9465520788084, 4.87683215200868, 2.61241453091846, 2.56605413972637, 4.1697485485752, 4.29434331006332, 4.021646693062, 4.3601441731099, 6.14457806868852, 5.41776027191821, 6.34006423815375, 7.1873979748934, 2.82197900939857, 9.34526704075998, 7.16389859084697, 4.17410188791998, 3.00399853637815, 3.42581063315441, 1.03769139564994, 1.80571569037899, 3.2647802919988, 7.08499634047957, 4.45172678318485, 0.638339159680133, 8.11876218648127, 3.62379468580733, 0.153804969349787, 3.28891930684704, 4.16989603878149, 2.34116561276459, 5.13114490840397, -0.957269245851573, 4.39415169769338, 5.57287663538822, 2.36739155601162, 6.63826208104691, 4.32411223739804, 3.90818493725515, 7.48021302885392, 3.69302564560917, 5.85494799867645, 3.9922713607838, 4.97270529969897, -0.152890468506734, 5.01941167354088, 3.9359017864692, 5.59964605742823, 1.84293710926561, 5.77386421628979, 2.29255225570789, 1.21065116359496, 3.64724587862898, 0.443746785413615, 0.0989053252552674, -1.43691051138664, -1.79076105882011, 2.85946211792695, 3.77904472814844, 5.24038798674027, 2.5648417522062, 6.36469396973751, 1.1657077277268, 4.75004102761185, 5.50907346352869, 1.88017416140316, 5.21782485614994, 1.59808674166874, 5.5217799203103, 5.26636010888214, 4.29091306631313, 0.880313155039473, 5.77153940973094, -3.19755394663028, 3.9176581333801, 2.07578183111456, 5.05925377043634, 3.94396038651224, 0.501208418261063, 5.68340709574766, 2.94161027434019, 2.80448460405782, 6.43862376403579, 1.60624172611386, 1.13510298985346, 3.06700522405626, 1.87337830091576, 6.09548630496693, -1.18394282172842, 1.24231195012821, 3.17635576915965, 4.55521423349478, 0.317007289913374, -1.18981509909176, 6.01852160536595, -1.4813424853146, 3.48111463582036, 2.38025628467834, 0.220913732819027, 0.407124286497609, 2.84921677009681, 4.13457244249559, 3.40748773923105, 4.62395172632486, 4.66857702606121, 4.37283885499692, 0.723993763590463, 2.04627417328239, 2.76021369186139, 4.09371471576099, 1.87868818914732, 3.23959395943518, 1.32593287710822, 3.95458586876544, 2.73096303617039, -0.602205580261891, -2.66631799763221, -0.0462837526333489, 2.91038092759325, 5.1197836364869, 1.16962638795449, 0.732398887568288, 6.83312361488509, 2.54524522138508, 2.3120523023761, 2.29107844805516, 1.78699250602526, 2.88992574035104, 1.31006622076614, 5.30578901070692, 3.22884917191028, 3.98694914608013, 4.61803131482619, 4.55506714292129, 8.02706828874349, 4.97251546413433, 7.56834858922656, 5.72847953732699, 4.61514414090398, 5.57860899321831, 3.96293014726477, 7.88516857344771, 1.80513722039271, 10.5859954815173, 5.79494456134057, 2.69557628961985, 4.69491440418184, 7.22215064130955, 1.90728983716849, 4.41159013607533, 2.11053542258325, 0.219103891839129, 4.5283252194168, 5.42179672530419)
"tau_add" <- 0.173820345070095
"tau_yr" <- 69.7176511857449
"x" <- c(-2.31159415109391, NA, NA, NA, NA, NA, NA, NA, NA, NA, NA, NA, NA, NA, NA, NA, NA, NA, NA, NA, NA, NA, NA, NA, NA, NA, NA, NA, NA, NA, NA, NA, NA, NA, NA, NA, NA, NA, NA, NA, NA, NA, NA, NA, NA, NA, NA, NA, NA, NA, NA, NA, NA, NA, NA, NA, NA, NA, NA, NA, NA, NA, NA, NA, NA, NA, NA, NA, NA, NA, NA, NA, NA, NA, NA, NA, NA, NA, NA, NA, NA, NA, NA, NA, NA, NA, NA, NA, NA, NA, NA, NA, NA, NA, NA, NA, NA, NA, NA, NA, NA, NA, NA, NA, NA, NA, NA, NA, NA, NA, NA, NA, NA, NA, NA, NA, NA, NA, NA, NA, NA, NA, NA, NA, NA, NA, NA, NA, NA, NA, NA, NA, NA, NA, NA, NA, NA, NA, NA, NA, NA, NA, NA, NA, NA, NA, NA, NA, NA, NA, NA, NA, NA, NA, NA, NA, NA, NA, NA, NA, NA, NA, NA, NA, NA, NA, NA, NA, NA, NA, NA, NA, NA, NA, NA, NA, NA, NA, NA, NA, NA, NA, NA, NA, NA, NA, NA, NA, NA, NA, NA, NA, NA, NA, NA, NA, NA, NA, NA, NA, NA, NA, NA, NA, NA, NA, NA, NA, NA, NA, NA, NA, NA, NA, NA, NA, NA, NA, NA, NA, NA, NA, NA, NA, NA, NA, NA, NA, NA, NA, NA, NA, NA, NA, NA, NA, NA, NA, NA, NA, NA, NA, NA, NA, NA, NA, NA, NA, NA, NA, NA, NA, NA, NA, NA, NA, NA, NA, NA, NA, NA, NA, NA, NA, NA, NA, NA, NA, NA, NA, NA, NA, NA, NA, NA, NA, NA, NA, NA, NA, NA, NA, NA, NA, NA, NA, NA, NA, NA, NA, NA, NA, NA, NA, NA, NA, NA, NA, NA, NA, NA, NA, NA, NA, NA, NA, NA, NA, NA, NA, NA, NA, NA, NA, NA, NA, NA, NA, NA, NA, NA, NA, NA, NA, NA, NA, NA, NA, NA, NA, NA, NA, NA, NA, NA, NA, NA, NA, NA, NA, NA, NA, NA, NA, NA, NA, NA, NA, NA, NA, NA, NA, NA, NA, NA, NA, NA, NA, NA, NA, NA, NA, NA, NA, NA, NA, NA, NA, NA, NA, NA, NA, NA, NA, NA, NA, NA, NA, NA, NA, NA, NA, NA, NA, NA, NA, NA, NA, NA, NA, NA, NA, NA, NA, NA, NA, NA, NA, NA, NA, NA, NA, NA, NA, NA, NA, NA, NA, NA, NA, NA, NA, NA, NA, NA, NA, NA, NA, NA, NA, NA, NA, NA, NA, NA, NA, NA, NA, NA, NA, NA, NA, NA, NA, NA, NA, NA, NA, NA, NA, NA, NA, NA, NA, NA, NA, NA, NA, NA, NA, NA, NA, NA, NA, NA, NA, NA, NA, NA, NA, NA, NA, NA, NA, NA, NA, NA, NA, NA, NA, NA, NA, NA, NA, NA, NA, NA, NA, NA, NA, NA, NA, NA, NA, NA, NA, NA, NA, NA, NA, NA, NA, NA, NA, NA, NA, NA, NA, NA, NA, NA, NA, NA, NA, NA, NA, NA, NA, NA, NA, NA, NA, NA)
"y" <- c(3, 0, 0, 0, 0, 0, 0, 0, 0, 0, 0, 0, 0, 0, 0, 0, 0, 0, 0, 0, 0, 0, 0, 0, NA, NA, NA, NA, NA, NA, NA, NA, NA, NA, NA, NA, NA, NA, 0, 0, 0, 0, 0, 0, 0, 0, 0, 0, 0, 0, 0, 0, 0, 0, 0, 0, 0, 0, 0, 0, 0, 0, 0, 0, 0, 0, 0, 0, 0, 0, 0, 0, 0, 0, NA, NA, NA, NA, NA, NA, NA, NA, NA, NA, NA, NA, NA, 0, NA, NA, 0, NA, 0, NA, 0, 0, 0, 0, 0, 0, 0, 0, 0, 0, 0, 0, 0, 0, 0, 0, 0, 0, 0, 0, 0, 0, 0, 0, 0, 0, 0, 0, 0, 0, 0, 0, 0, 0, NA, 0, 0, NA, NA, 0, NA, 0, NA, NA, NA, NA, NA, NA, NA, NA, NA, NA, NA, 0, NA, 0, NA, 0, NA, 0, 0, NA, 0, 0, 0, 0, 0, 0, 0, 0, 0, 0, 0, 0, 0, 0, 0, 0, 0, 0, 0, 0, 0, 0, 0, 0, 0, 0, 0, NA, 0, 0, NA, 0, NA, 0, NA, 0, 0, NA, NA, NA, 0, NA, NA, NA, NA, NA, NA, NA, NA, NA, NA, NA, NA, NA, NA, NA, NA, 0, 0, 0, 0, 0, 0, 0, 0, 0, 0, 0, 0, 0, 0, 0, 0, 0, 0, 0, 0, 0, 0, 0, 0, 0, 0, 0, 0, NA, NA, NA, NA, NA, NA, 0, NA, NA, NA, NA, NA, NA, NA, NA, NA, NA, NA, NA, NA, NA, NA, NA, NA, NA, 0, 0, 0, 0, 0, 0, 0, 0, 0, 0, 0, 0, 0, 0, 0, 0, 0, 0, NA, 0, 0, 0, 0, 0, NA, 0, 0, NA, NA, 0, NA, NA, NA, NA, NA, NA, NA, NA, NA, NA, NA, NA, NA, NA, NA, NA, NA, NA, NA, NA, NA, NA, 0, NA, 0, 0, 0, 0, 0, 0, 0, 0, 0, 0, 0, 0, 0, 0, 0, 0, 0, 0, 0, 0, 0, 0, 0, 0, 0, 0, 0, 0, NA, 0, NA, 0, NA, 0, NA, NA, NA, NA, NA, NA, NA, 0, NA, NA, NA, NA, NA, NA, NA, NA, NA, NA, 0, NA, 0, NA, 0, NA, 0, NA, 0, 0, 0, 0, 0, 0, 0, 0, 0, 0, 0, 0, 0, 0, 0, 0, 0, 0, 0, 0, 0, 0, 0, 0, 0, 0, 0, 0, 0, 0, 0, 0, 0, NA, NA, NA, NA, NA, NA, 0, NA, 0, NA, NA, 0, NA, 0, NA, 0, NA, 0, NA, 0, NA, 0, NA, NA, 0, NA, 0, NA, 0, NA, 0, NA, 0, 0, 0, 0, 0, 0, 0, 0, 0, 0, 0, 0, 0, 0, 0, 0, 0, 0, 0, 0, 0, 0, 0, 0, 0, 0, 0, 0, 0, 0, NA, NA, NA, 0, NA, NA, 0, NA, 0, NA, NA, NA, 0, NA, NA, NA, NA, NA, 0, NA, NA, NA, NA, 0, NA, 0, NA, 0, 0, 0, 0, 0, 0, 0, 0, 0, 0, 0)
"yr" <- c(0.202040051925995, -0.113932515029497, 0.0427091280287534, -0.036584965291947, -0.0467503158476654, 0.0532089048430508, 0.0175947342378231, -0.0243884775982751, 0.0390520864384505)
".RNG.name" <- "base::Wichmann-Hill"
}

inits{
".RNG.state" <- c(343958228, 491783902)
"mu" <- c(0.144487345165049, -0.942743960947387, -5.75586287562062, -6.33418109903188, 2.66623701048991, -7.19627365326826, 0.743870211573325, 0.950995253302274, -0.792055836680707, 1.99449532234259, 0.00368615853530602, 0.469347408057683, -0.150282560743215, -0.0829141758884169, -1.39685825051695, 0.167205689557996, -0.540472507711729, -1.42922130497154, -1.06839500528567, -0.8167366180819, 0.524491979987552, 0.73714630928852, 0.220758288431655, -1.60712973441361, -1.63492711342567, -1.26589230180679, 3.64759947057073, 1.97065740905354, 4.01245724027237, 4.64051034391438, 6.49725651653739, 7.71961938751757, 5.50490273077418, 4.51599266843921, 8.04697896187747, 6.55027809703969, 6.21661930471359, 5.77355221168809, 9.52365919583063, 5.97038299861028, 3.53732690340363, 7.54320702423806, 4.92710019604318, 7.91288867850097, 7.9591188481151, 4.28164822570441, 11.3566361941514, 1.54024247157675, 6.83991963979025, 10.5164850464932, 6.44613115775129, 9.17339929648536, 9.81430330705022, 7.79171857937927, 4.95188607687245, 5.52730748052672, 0.901078375807837, 3.79682350437806, 9.37168699549233, 2.86190169775787, 3.72504333525574, 11.3841463380506, 6.47438161380104, 0.115281205010067, 9.69005509369067, 3.13819516044492, 6.17120230903727, 8.47239352200184, 7.349473881754, 7.97321752055814, 7.49654584418679, -0.765191113988734, 8.57649114736802, 4.09352935976846, -1.84918942127016, 2.48190447040393, 4.22536168541267, 3.31362479624165, 6.02047394295709, 4.96375774558042, 6.37819539369115, 4.20427866709841, 7.30368477396297, 5.1512760489087, 3.52362640743498, 4.43333357071056, 2.72868382939119, 1.67042280021637, 4.6538830648416, 0.094742512595794, 3.25593947248612, 3.20507694362782, 2.33862570577935, 3.65720515456878, 2.44870591568463, -4.56083031795373, 1.53953810152313, -1.67692601174569, -2.19529114497269, -0.587538890458502, 5.6981545641404, 0.221203156068577, 5.19822647980041, -3.68651320246275, -1.05647592226795, -1.41310872369022, 1.4633184553339, 4.25952822930784, 4.91030910666543, 2.89865093024628, 3.17363866541868, 1.13675185815949, 6.31807394425868, -1.66411536218439, 2.77741752712318, 3.26746817552081, -0.0134220718077214, 4.26756641439599, 1.61589941414931, -0.630961462440229, 4.58608606010039, 0.581592009571624, 2.64157651026019, 2.98446734603956, -1.59979295491147, 6.67581225706125, 2.6872715449695, 0.165396638288198, -5.10639219840559, 0.0345720808739163, 4.34853988449857, 1.33492345375416, -2.86247145765267, -1.10159381910796, 1.52563147543726, 4.31525509911938, 0.930724522092722, -2.57588300532425, 2.32617458260865, 3.56394360064771, 4.29874415711949, 4.71184266099693, 3.90954894391352, 1.85271699499014, 6.08313247227298, 4.81242160529499, 4.3458902764326, 5.52216606385629, 3.60248535765413, 1.98214794988798, 2.54065803321863, 1.5037777696495, 6.54458162697955, 4.07615966573085, 2.5003198418998, 4.64699245458005, 6.60726822637787, 6.05218233050187, 3.03288336160687, 2.2783369204177, 4.43568787941176, 5.05754744471954, 1.38668663935273, 6.55807016609588, 5.88034412713908, 4.42527842835714, 4.89355122941767, 10.8197595549011, 7.93135255945048, 9.0171739687472, 4.96408429732684, 4.59168867252231, 7.12697296027695, 4.15331815639374, 1.6288908742019, 0.610932845821339, 2.61196344065519, 4.96262449330027, 7.87927073764115, 5.19353010786332, 1.14233379958187, 2.01496948396611, 4.74505192562014, 1.90794658632216, 1.66879894613899, 4.50065956654588, 2.81299644410955, 2.12184075638452, -0.517653975412888, 0.969224189863153, 2.01861734741153, 5.41903360398232, 4.35589149700475, 3.22080856543229, 0.419954826840683, 1.75905272490377, 5.6245691625217, 2.25992658426418, 5.61168401889809, 2.69470058046785, 1.68697485041428, 4.27575838839719, 2.75835773203811, 7.69488259656888, 8.54040609819829, 8.74019081893983, 6.46136017129284, 4.22620468111221, 4.21016266085115, 2.72816683097734, 2.06747549200326, 0.506806210851275, 1.023146222433, 3.63857420134499, 3.40519846268022, 2.77509224157598, 0.916278238947262, 2.93012785697564, 3.12437500444928, 6.23773900001417, -1.40475025561515, 1.62975264634771, 5.54481398889586, -0.011929079917953, 7.00775407664079, 5.16898999066071, 1.33314555152513, -1.08165690100561, 1.65228850790184, 1.53942630824098, 3.62297919787249, 0.133653913561971, 4.05317557214842, 2.79982320104574, 5.38268801882886, 4.23771639555972, 1.5399533971484, 6.91437274213539, 7.31846091063212, -3.51195841831035, -2.62182555719785, -0.114925070407567, -1.89012206624211, -2.04731176055772, -2.16767912416427, -1.63464401546635, 0.734505658134257, 0.722747772320019, -0.702324389979079, -2.72492855835319, -2.94719735599971, -2.34916519787499, -3.10701977552419, 3.06547552072631, 3.09996155610037, 3.33499494246139, 4.85860707349084, 2.93369524728776, 6.42813855384866, 5.78514511167176, 4.9289332663367, 4.24504631781774, 1.88361178279924, 0.72184653362192, -1.65485105004612, -3.8881486018733, 0.447209722505369, -2.22650263741913, -0.29949407639738, -3.45287513690612, -4.54691100857507, -2.38909979968528, 2.8562005362245, -1.4933531632578, 1.86524405548763, -0.286617586117651, 5.00862187154538, 5.94533437049214, 1.62376270051997, -1.53887016673568, -7.79082898762956, 4.29963249318693, 2.11604806360423, -1.74617679305201, -3.31883612501029, -2.02592290752141, 0.911552109693791, 4.25607094800301, 0.73431275950307, -3.12321452927083, -3.33035832027454, 1.85892504438527, -2.85784063152592, -5.24253068317725, -3.05013179618274, 3.77915668721287, -3.34870619156273, -0.557152170652866, -3.02185461121924, -0.966395426903563, -0.805780844106977, 2.32434394496454, 3.17148144240053, 4.23236097656527, 0.152031686411486, 3.70084454484443, 2.64621387995224, 3.67092652620452, 4.32301368802274, 4.45515217129682, 5.12558877737479, 2.78158648509518, 3.37642252193414, 4.6060831449589, 4.2604184086937, 4.43997947876292, 3.80330595564874, 1.23395297447566, 4.27463952530255, 1.89581477905039, 2.92155660765121, 4.5460175791501, 4.22928748588592, 1.92568752345554, 3.96760897935448, 4.55460456098935, 2.47210303293655, 4.41872207381786, 5.40922326884766, 4.11852423158148, 1.82445474627849, 2.62818433493963, 2.21589751371411, 0.170100802103719, -0.255690223207837, 5.42250617907032, 3.47266123466971, 2.46239920966471, 2.00682544275857, -2.88980280377933, 0.00848058343384483, 10.6391192742842, -1.66768280090493, 6.44618128738878, -2.23011816970338, 5.66999134577581, 2.22396574394161, 1.96654844012143, -0.213734356441959, -0.720487004284767, -2.87139838932508, 2.08844595332453, -0.545224731140202, 1.70497375545783, -1.83496515305287, -1.23200215420824, -2.93340431945166, 0.926921395349, 0.791286943993915, 1.55810750258389, 1.97745150359132, -0.0824403621424574, 2.33449580542584, 2.16889743031456, 3.88905968118832, 4.43244948595934, 4.22335097474489, 4.41703816524307, 6.02662238433746, 5.37905334347139, 6.44660967756272, 7.20947240630214, 4.19351225486576, 9.36711532786169, 0.233719098840106, 3.9996485522339, -0.354370405691231, 3.56699880762819, 2.79815146265864, 1.70819214706287, 4.80831835375005, 1.31843158687829, 3.46484392869195, 5.19198471034634, -2.31422261232691, 3.1360125073568, 4.16752520270766, 3.91158534749364, 2.11426187265755, -1.06187146900122, -2.33615913898609, 5.15662833395135, 2.26708563625145, 5.66003113998182, -2.37872979292601, 0.474908676961773, -0.269704843832745, 0.908319442491901, 4.11207091955468, 1.96890459662897, 6.11341153238469, 5.79138864846259, 1.39738964314784, 7.21634748752891, 0.364251218689205, 0.441836344607465, 1.61862245658835, 0.52649274326567, 5.76838548260297, -0.806587291220135, -4.4864829915251, -4.18051534215823, 0.111899233598379, 1.00397177081726, -0.938822999435675, 0.394530724010463, 2.53001125802862, 3.66696735731746, 5.35717237908943, 2.43137924668059, 6.27810702518073, 2.34374085940761, 4.83978262445345, 5.35733077657225, 1.25131156772584, 5.25641431289873, 3.27245168192066, 5.52402052446163, -4.44984615838989, 4.19436902328024, 3.55938509218588, 5.85009401563261, 3.91470575368966, 3.81803604418899, 3.35232409594628, 5.11049283280676, 4.19658010952956, 2.41507584759052, 5.6397011944633, 8.68797870911828, 2.32880853236305, 6.4565081074141, 1.12584026845048, -2.72330947332873, 3.04386991745512, 5.59975825588072, 3.17341128958517, 4.30251450336097, -1.49821766514836, 1.21554385984306, 4.17889290421616, 1.36968859380617, -1.91410520731532, -2.97263406253879, 5.51791965640124, 1.33965298371919, 1.90225358765187, -1.80578639243985, 2.54167689267137, 7.345973010638, 2.25861780100272, -3.39240645842906, -1.96181097623386, -0.655951531787955, 6.31324415163108, 0.535975334192081, -1.19401042589412, 7.36255265786561, 4.39610624821673, 9.42246750721806, 3.63489815773249, 2.36578676052793, 6.50802127130444, 2.75994333410514, -2.16010836220333, 0.50907048267862, -0.209251523679368, 2.8435085300929, 3.93677104291455, 0.241386853641213, 0.828160754772102, 1.9307142661469, 2.6358874231399, 5.29373106760489, 1.82906397013384, 2.12090941776218, 3.4876464194023, 2.2003617562167, 5.26548913390131, 3.24318231909328, 4.04131242328187, 4.78003232410234, 4.46957481858216, 6.36165423919333, 4.77989431380359, 7.57547805423174, 5.70168968138894, 4.72080248467614, 1.16040844846537, 3.90838246076038, 2.71603052677492, 2.24193795293104, 0.719945171300223, 4.58836924676093, 5.95564474058714, 6.38629629545123, 6.45885482973178, 7.53753083411078, 4.31343265086452, -3.13648312912371, 1.35332358289951, 1.74280262582327, 9.77556357688683)
"tau_add" <- 0.126061820562048
"tau_yr" <- 121.030345273265
"x" <- c(-2.27091676475925, NA, NA, NA, NA, NA, NA, NA, NA, NA, NA, NA, NA, NA, NA, NA, NA, NA, NA, NA, NA, NA, NA, NA, NA, NA, NA, NA, NA, NA, NA, NA, NA, NA, NA, NA, NA, NA, NA, NA, NA, NA, NA, NA, NA, NA, NA, NA, NA, NA, NA, NA, NA, NA, NA, NA, NA, NA, NA, NA, NA, NA, NA, NA, NA, NA, NA, NA, NA, NA, NA, NA, NA, NA, NA, NA, NA, NA, NA, NA, NA, NA, NA, NA, NA, NA, NA, NA, NA, NA, NA, NA, NA, NA, NA, NA, NA, NA, NA, NA, NA, NA, NA, NA, NA, NA, NA, NA, NA, NA, NA, NA, NA, NA, NA, NA, NA, NA, NA, NA, NA, NA, NA, NA, NA, NA, NA, NA, NA, NA, NA, NA, NA, NA, NA, NA, NA, NA, NA, NA, NA, NA, NA, NA, NA, NA, NA, NA, NA, NA, NA, NA, NA, NA, NA, NA, NA, NA, NA, NA, NA, NA, NA, NA, NA, NA, NA, NA, NA, NA, NA, NA, NA, NA, NA, NA, NA, NA, NA, NA, NA, NA, NA, NA, NA, NA, NA, NA, NA, NA, NA, NA, NA, NA, NA, NA, NA, NA, NA, NA, NA, NA, NA, NA, NA, NA, NA, NA, NA, NA, NA, NA, NA, NA, NA, NA, NA, NA, NA, NA, NA, NA, NA, NA, NA, NA, NA, NA, NA, NA, NA, NA, NA, NA, NA, NA, NA, NA, NA, NA, NA, NA, NA, NA, NA, NA, NA, NA, NA, NA, NA, NA, NA, NA, NA, NA, NA, NA, NA, NA, NA, NA, NA, NA, NA, NA, NA, NA, NA, NA, NA, NA, NA, NA, NA, NA, NA, NA, NA, NA, NA, NA, NA, NA, NA, NA, NA, NA, NA, NA, NA, NA, NA, NA, NA, NA, NA, NA, NA, NA, NA, NA, NA, NA, NA, NA, NA, NA, NA, NA, NA, NA, NA, NA, NA, NA, NA, NA, NA, NA, NA, NA, NA, NA, NA, NA, NA, NA, NA, NA, NA, NA, NA, NA, NA, NA, NA, NA, NA, NA, NA, NA, NA, NA, NA, NA, NA, NA, NA, NA, NA, NA, NA, NA, NA, NA, NA, NA, NA, NA, NA, NA, NA, NA, NA, NA, NA, NA, NA, NA, NA, NA, NA, NA, NA, NA, NA, NA, NA, NA, NA, NA, NA, NA, NA, NA, NA, NA, NA, NA, NA, NA, NA, NA, NA, NA, NA, NA, NA, NA, NA, NA, NA, NA, NA, NA, NA, NA, NA, NA, NA, NA, NA, NA, NA, NA, NA, NA, NA, NA, NA, NA, NA, NA, NA, NA, NA, NA, NA, NA, NA, NA, NA, NA, NA, NA, NA, NA, NA, NA, NA, NA, NA, NA, NA, NA, NA, NA, NA, NA, NA, NA, NA, NA, NA, NA, NA, NA, NA, NA, NA, NA, NA, NA, NA, NA, NA, NA, NA, NA, NA, NA, NA, NA, NA, NA, NA, NA, NA, NA, NA, NA, NA, NA, NA, NA, NA, NA, NA, NA, NA, NA, NA, NA, NA, NA, NA, NA, NA, NA, NA, NA, NA, NA, NA, NA, NA, NA, NA, NA, NA, NA, NA)
"y" <- c(3, 0, 0, 0, 0, 0, 0, 0, 0, 0, 0, 0, 0, 0, 0, 0, 0, 0, 0, 0, 0, 0, 0, 0, NA, NA, NA, NA, NA, NA, NA, NA, NA, NA, NA, NA, NA, NA, 0, 0, 0, 0, 0, 0, 0, 0, 0, 0, 0, 0, 0, 0, 0, 0, 0, 0, 0, 0, 0, 0, 0, 0, 0, 0, 0, 0, 0, 0, 0, 0, 0, 0, 0, 0, NA, NA, NA, NA, NA, NA, NA, NA, NA, NA, NA, NA, NA, 0, NA, NA, 0, NA, 0, NA, 0, 0, 0, 0, 0, 0, 0, 0, 0, 0, 0, 0, 0, 0, 0, 0, 0, 0, 0, 0, 0, 0, 0, 0, 0, 0, 0, 0, 0, 0, 0, 0, 0, 0, NA, 0, 0, NA, NA, 0, NA, 0, NA, NA, NA, NA, NA, NA, NA, NA, NA, NA, NA, 0, NA, 0, NA, 0, NA, 0, 0, NA, 0, 0, 0, 0, 0, 0, 0, 0, 0, 0, 0, 0, 0, 0, 0, 0, 0, 0, 0, 0, 0, 0, 0, 0, 0, 0, 0, NA, 0, 0, NA, 0, NA, 0, NA, 0, 0, NA, NA, NA, 0, NA, NA, NA, NA, NA, NA, NA, NA, NA, NA, NA, NA, NA, NA, NA, NA, 0, 0, 0, 0, 0, 0, 0, 0, 0, 0, 0, 0, 0, 0, 0, 0, 0, 0, 0, 0, 0, 0, 0, 0, 0, 0, 0, 0, NA, NA, NA, NA, NA, NA, 0, NA, NA, NA, NA, NA, NA, NA, NA, NA, NA, NA, NA, NA, NA, NA, NA, NA, NA, 0, 0, 0, 0, 0, 0, 0, 0, 0, 0, 0, 0, 0, 0, 0, 0, 0, 0, NA, 0, 0, 0, 0, 0, NA, 0, 0, NA, NA, 0, NA, NA, NA, NA, NA, NA, NA, NA, NA, NA, NA, NA, NA, NA, NA, NA, NA, NA, NA, NA, NA, NA, 0, NA, 0, 0, 0, 0, 0, 0, 0, 0, 0, 0, 0, 0, 0, 0, 0, 0, 0, 0, 0, 0, 0, 0, 0, 0, 0, 0, 0, 0, NA, 0, NA, 0, NA, 0, NA, NA, NA, NA, NA, NA, NA, 0, NA, NA, NA, NA, NA, NA, NA, NA, NA, NA, 0, NA, 0, NA, 0, NA, 0, NA, 0, 0, 0, 0, 0, 0, 0, 0, 0, 0, 0, 0, 0, 0, 0, 0, 0, 0, 0, 0, 0, 0, 0, 0, 0, 0, 0, 0, 0, 0, 0, 0, 0, NA, NA, NA, NA, NA, NA, 0, NA, 0, NA, NA, 0, NA, 0, NA, 0, NA, 0, NA, 0, NA, 0, NA, NA, 0, NA, 0, NA, 0, NA, 0, NA, 0, 0, 0, 0, 0, 0, 0, 0, 0, 0, 0, 0, 0, 0, 0, 0, 0, 0, 0, 0, 0, 0, 0, 0, 0, 0, 0, 0, 0, 0, NA, NA, NA, 0, NA, NA, 0, NA, 0, NA, NA, NA, 0, NA, NA, NA, NA, NA, 0, NA, NA, NA, NA, 0, NA, 0, NA, 0, 0, 0, 0, 0, 0, 0, 0, 0, 0, 0)
"yr" <- c(0.180558180549274, -0.115650093977279, 0.0937941737939349, -0.071817713209467, -0.0477711532874803, 0.0647985567012225, -0.0164126333941606, 0.0126523281603637, 0.0146193851486853)
".RNG.name" <- "base::Marsaglia-Multicarry"
}



######################################################################################################
######################################################################################################
#### Data 
######################################################################################################
######################################################################################################

data{
"y" <- c(NA, NA, NA, NA, NA, NA, NA, NA, NA, NA, NA, NA, NA, NA, NA, NA, NA, NA, NA, NA, NA, NA, NA, NA, 0, 2, 34, 10, 40, 103, 664, 2293, 220, 93, 3194, 677, 490, 347, NA, NA, NA, NA, NA, NA, NA, NA, NA, NA, NA, NA, NA, NA, NA, NA, NA, NA, NA, NA, NA, NA, NA, NA, NA, NA, NA, NA, NA, NA, NA, NA, NA, NA, NA, NA, 0, 8, 81, 35, 416, 135, 527, 75, 1553, 169, 37, 90, 15, NA, 106, 2, NA, 28, NA, 32, NA, NA, NA, NA, NA, NA, NA, NA, NA, NA, NA, NA, NA, NA, NA, NA, NA, NA, NA, NA, NA, NA, NA, NA, NA, NA, NA, NA, NA, NA, NA, NA, NA, NA, 0, NA, NA, 2, 1, NA, 5, NA, 2, 0, 11, 30, 78, 114, 50, 10, 460, 139, 79, NA, 37, NA, 14, NA, 645, NA, NA, 107, NA, NA, NA, NA, NA, NA, NA, NA, NA, NA, NA, NA, NA, NA, NA, NA, NA, NA, NA, NA, NA, NA, NA, NA, NA, NA, NA, 4, NA, NA, 14, NA, 0, NA, 7, NA, NA, 21, 2, 3, NA, 10, 272, 9, 8, 69, 15, 2226, 5062, 6269, 668, 70, 57, 21, 7, 2, 6, NA, NA, NA, NA, NA, NA, NA, NA, NA, NA, NA, NA, NA, NA, NA, NA, NA, NA, NA, NA, NA, NA, NA, NA, NA, NA, NA, NA, 0, 0, 0, 0, 0, 1, NA, 0, 0, 1, 0, 0, 30, 22, 32, 119, 24, 580, 337, 149, 65, 8, 2, 0, 0, NA, NA, NA, NA, NA, NA, NA, NA, NA, NA, NA, NA, NA, NA, NA, NA, NA, NA, 0, NA, NA, NA, NA, NA, 0, NA, NA, 0, 0, NA, 0, 0, 0, 0, 0, 7, 20, 72, 1, 43, 16, 40, 70, 96, 166, 22, 39, 96, 80, 91, 46, 3, NA, 4, NA, NA, NA, NA, NA, NA, NA, NA, NA, NA, NA, NA, NA, NA, NA, NA, NA, NA, NA, NA, NA, NA, NA, NA, NA, NA, NA, NA, 0, NA, 0, NA, 0, NA, 0, 0, 0, 3, 3, 3, 9, NA, 10, 11, 51, 76, 61, 77, 411, 224, 595, 1335, NA, 11541, NA, 65, NA, 33, NA, 4, NA, NA, NA, NA, NA, NA, NA, NA, NA, NA, NA, NA, NA, NA, NA, NA, NA, NA, NA, NA, NA, NA, NA, NA, NA, NA, NA, NA, NA, NA, NA, NA, NA, 0, 1, 0, 19, 32, 187, NA, 527, NA, 132, 243, NA, 184, NA, 241, NA, 82, NA, 346, NA, 43, NA, 162, 57, NA, 278, NA, 14, NA, 2, NA, 18, NA, NA, NA, NA, NA, NA, NA, NA, NA, NA, NA, NA, NA, NA, NA, NA, NA, NA, NA, NA, NA, NA, NA, NA, NA, NA, NA, NA, NA, NA, 0, 1, 18, NA, 1, 2, NA, 13, NA, 11, 6, 27, NA, 198, 26, 54, 113, 94, NA, 134, 1994, 297, 109, NA, 54, NA, 9, NA, NA, NA, NA, NA, NA, NA, NA, NA, NA, NA)
"year_no" <- c(1, 1, 1, 1, 1, 1, 1, 1, 1, 1, 1, 1, 1, 1, 1, 1, 1, 1, 1, 1, 1, 1, 1, 1, 1, 1, 1, 1, 1, 1, 1, 1, 1, 1, 1, 1, 1, 1, 1, 1, 1, 1, 1, 1, 1, 1, 1, 1, 1, 1, 1, 1, 2, 2, 2, 2, 2, 2, 2, 2, 2, 2, 2, 2, 2, 2, 2, 2, 2, 2, 2, 2, 2, 2, 2, 2, 2, 2, 2, 2, 2, 2, 2, 2, 2, 2, 2, 2, 2, 2, 2, 2, 2, 2, 2, 2, 2, 2, 2, 2, 2, 2, 2, 2, 2, 2, 2, 2, 3, 3, 3, 3, 3, 3, 3, 3, 3, 3, 3, 3, 3, 3, 3, 3, 3, 3, 3, 3, 3, 3, 3, 3, 3, 3, 3, 3, 3, 3, 3, 3, 3, 3, 3, 3, 3, 3, 3, 3, 3, 3, 3, 3, 3, 3, 3, 3, 3, 3, 3, 3, 3, 3, 3, 3, 3, 3, 3, 3, 3, 4, 4, 4, 4, 4, 4, 4, 4, 4, 4, 4, 4, 4, 4, 4, 4, 4, 4, 4, 4, 4, 4, 4, 4, 4, 4, 4, 4, 4, 4, 4, 4, 4, 4, 4, 4, 4, 4, 4, 4, 4, 4, 4, 4, 4, 4, 4, 4, 4, 4, 4, 4, 4, 4, 4, 4, 5, 5, 5, 5, 5, 5, 5, 5, 5, 5, 5, 5, 5, 5, 5, 5, 5, 5, 5, 5, 5, 5, 5, 5, 5, 5, 5, 5, 5, 5, 5, 5, 5, 5, 5, 5, 5, 5, 5, 5, 5, 5, 5, 5, 5, 5, 5, 5, 5, 5, 5, 5, 5, 6, 6, 6, 6, 6, 6, 6, 6, 6, 6, 6, 6, 6, 6, 6, 6, 6, 6, 6, 6, 6, 6, 6, 6, 6, 6, 6, 6, 6, 6, 6, 6, 6, 6, 6, 6, 6, 6, 6, 6, 6, 6, 6, 6, 6, 6, 6, 6, 6, 6, 6, 6, 6, 6, 7, 7, 7, 7, 7, 7, 7, 7, 7, 7, 7, 7, 7, 7, 7, 7, 7, 7, 7, 7, 7, 7, 7, 7, 7, 7, 7, 7, 7, 7, 7, 7, 7, 7, 7, 7, 7, 7, 7, 7, 7, 7, 7, 7, 7, 7, 7, 7, 7, 7, 7, 7, 7, 7, 7, 7, 7, 7, 7, 7, 8, 8, 8, 8, 8, 8, 8, 8, 8, 8, 8, 8, 8, 8, 8, 8, 8, 8, 8, 8, 8, 8, 8, 8, 8, 8, 8, 8, 8, 8, 8, 8, 8, 8, 8, 8, 8, 8, 8, 8, 8, 8, 8, 8, 8, 8, 8, 8, 8, 8, 8, 8, 8, 8, 8, 8, 8, 8, 8, 8, 8, 8, 8, 8, 9, 9, 9, 9, 9, 9, 9, 9, 9, 9, 9, 9, 9, 9, 9, 9, 9, 9, 9, 9, 9, 9, 9, 9, 9, 9, 9, 9, 9, 9, 9, 9, 9, 9, 9, 9, 9, 9, 9, 9, 9, 9, 9, 9, 9, 9, 9, 9, 9, 9, 9, 9, 9, 9, 9, 9, 9)
"N" <- 513
"x_ic" <- -2.30258509299405
"tau_ic" <- 100
"a_add" <- 0.001
"r_add" <- 0.001


}

######################################################################################################
######################################################################################################
