[1] "Parameter summary"
               Lower95     Median     Upper95       Mean          SD Mode
tau_proc    0.43613326  0.7066371   1.0827347  0.7326540  0.17582415   NA
beta1      -6.54856655 -4.4181206  -2.2672884 -4.3856238  1.10194544   NA
beta2       0.48752912  0.6285159   0.7641356  0.6272867  0.07085504   NA
beta3       0.08765267  0.1867725   0.2781516  0.1853025  0.04885209   NA
tau_obs     0.98077946  1.5791817   2.2794851  1.6106667  0.34212413   NA
tau_T_obs   0.34852844  0.4995191   0.7047889  0.5134222  0.09470113   NA
tau_T_proc  0.57904330  8.6622877 101.0703059 24.2798294 44.08441747   NA
                 MCerr MC%ofSD SSeff      AC.10     psrf
tau_proc   0.003719198     2.1  2235 0.06822604 1.001183
beta1      0.120039188    10.9    84 0.89203458 1.014945
beta2      0.004117755     5.8   296 0.38469296 1.002562
beta3      0.005207439    10.7    88 0.88982820 1.015783
tau_obs    0.007074207     2.1  2339 0.04520786 1.000415
tau_T_obs  0.003687394     3.9   660 0.29205589 1.006233
tau_T_proc 3.664087456     8.3   145 0.80713324 1.034520
[1] "DIC"
Mean deviance:  702.7 
penalty 92.9 
Penalized deviance: 795.6 
