[1] "Parameter summary"
               Lower95     Median     Upper95       Mean          SD Mode
tau_proc    0.42898098  0.7565472   1.2179604  0.7924208  0.21867649   NA
beta1      -5.60218233 -3.7670882  -1.7422835 -3.7678354  0.99016929   NA
beta2       0.57590126  0.7027120   0.8194085  0.7003079  0.06216031   NA
beta3       0.07108781  0.1620216   0.2454700  0.1614594  0.04476228   NA
tau_obs     0.91701835  1.5004781   2.2027477  1.5350216  0.33877305   NA
tau_T_obs   0.34294499  0.4943089   0.6819030  0.5068622  0.09162491   NA
tau_T_proc  0.60790422 10.9571808 120.5384070 30.6016472 49.98532770   NA
                 MCerr MC%ofSD SSeff     AC.10     psrf
tau_proc   0.005429705     2.5  1622 0.1429390 1.001339
beta1      0.095933638     9.7   107 0.8771692 1.033356
beta2      0.002190373     3.5   805 0.2132407 1.006574
beta3      0.004492788    10.0    99 0.8740124 1.033073
tau_obs    0.007335736     2.2  2133 0.0725034 1.001446
tau_T_obs  0.003618285     3.9   641 0.2435444 1.004836
tau_T_proc 4.611935656     9.2   117 0.8179607 1.017318
[1] "DIC"
Mean deviance:  711 
penalty 88.12 
Penalized deviance: 799.1 
