[1] "Parameter summary"
                Lower95        Median      Upper95          Mean           SD Mode
tau_proc   0.0088958704  1.194140e-02 1.521787e-02  1.200502e-02 1.633187e-03   NA
beta1     -1.7879727631  1.747367e+00 5.281165e+00  1.727081e+00 1.789497e+00   NA
beta2      0.0846694245  2.634604e-01 4.538524e-01  2.627486e-01 9.440824e-02   NA
beta3     -0.0091164149 -1.547656e-04 8.946993e-03 -1.821043e-04 4.554337e-03   NA
tau_yr     0.0074801805  3.588577e+00 8.557763e+01  1.761857e+01 3.970902e+01   NA
tau_obs    7.9243512241  2.887324e+02 1.738687e+03  5.122997e+02 6.092964e+02   NA
tau_S_obs  0.0000736168  6.655920e-01 4.689359e+01  9.634493e+00 3.137797e+01   NA
                 MCerr MC%ofSD SSeff        AC.10     psrf
tau_proc  1.474078e-05     0.9 12275 -0.002354861 1.000078
beta1     3.907242e-02     2.2  2098  0.065597687 1.004178
beta2     9.413823e-04     1.0 10057  0.001937393 1.000407
beta3     9.592338e-05     2.1  2254  0.064614805 1.006710
tau_yr    9.886955e-01     2.5  1613  0.150681172 1.001143
tau_obs   4.295841e+01     7.1   201  0.742727324 1.024633
tau_S_obs 2.437376e+00     7.8   166  0.815811938 1.624263
[1] "DIC"
Mean deviance:  580.3 
penalty 1865231 
Penalized deviance: 1865811 
