[1] "Parameter summary"
                Lower95       Median      Upper95         Mean           SD
tau_proc    0.008737529   0.01200439 1.516121e-02   0.01206258 1.644543e-03
beta1     -13.533039947  -2.04892542 1.022832e+01  -2.04533006 5.948385e+00
beta2       0.082313443   0.26599660 4.472079e-01   0.26640847 9.338542e-02
beta3      -0.365930882   0.17353172 7.375406e-01   0.17372742 2.754864e-01
tau_yr      0.008842124   3.38689140 8.429242e+01  17.47227766 3.890099e+01
tau_obs    11.173371138 287.22447943 1.659503e+03 491.34659008 5.850189e+02
tau_T_obs   0.157752258   6.99723800 1.054950e+02  24.28604506 4.158244e+01
          Mode        MCerr MC%ofSD SSeff        AC.10     psrf
tau_proc    NA 1.445769e-05     0.9 12939 -0.003247910 1.000112
beta1       NA 4.700459e-01     7.9   160  0.806106024 1.000622
beta2       NA 8.677116e-04     0.9 11583 -0.007153912 1.000224
beta3       NA 2.258865e-02     8.2   149  0.804882026 1.000582
tau_yr      NA 1.027311e+00     2.6  1434  0.163055315 1.002784
tau_obs     NA 4.118154e+01     7.0   202  0.765594700 1.003554
tau_T_obs   NA 3.752666e+00     9.0   123  0.828071305 1.039770
[1] "DIC"
Mean deviance:  -199.6 
penalty 1342 
Penalized deviance: 1142 
