[1] "Parameter summary"
               Lower95     Median     Upper95       Mean          SD Mode
tau_proc    0.43496708  0.7462429   1.1966199  0.7796724  0.21052181   NA
beta1      -5.69474596 -3.8332207  -1.8452442 -3.8223832  0.99107908   NA
beta2       0.59160706  0.7114545   0.8320166  0.7093240  0.06137383   NA
beta3       0.07086889  0.1615802   0.2412913  0.1608442  0.04396046   NA
tau_obs     0.93598032  1.5157268   2.2176008  1.5490982  0.34082122   NA
tau_T_obs   0.31460827  0.4306651   0.5641327  0.4356773  0.06458378   NA
tau_T_proc  0.63323374 12.8319781 105.6800575 28.5939943 44.50973076   NA
                 MCerr MC%ofSD SSeff      AC.10     psrf
tau_proc   0.005039317     2.4  1745 0.13576946 1.001773
beta1      0.096547996     9.7   105 0.87083249 1.057073
beta2      0.001936401     3.2  1005 0.17939836 1.015202
beta3      0.004179498     9.5   111 0.86895047 1.055419
tau_obs    0.007334929     2.2  2159 0.10090367 1.000777
tau_T_obs  0.001597499     2.5  1634 0.09907917 1.002023
tau_T_proc 3.450397668     7.8   166 0.78843797 1.048271
[1] "DIC"
Mean deviance:  728 
penalty 83.89 
Penalized deviance: 811.9 
