######################################################################################################
######################################################################################################
#### JAGS model file written by runjags version 2.0.4-2 on 2019-08-16 14:39:10 
######################################################################################################
######################################################################################################

model{
for(k in 1:max(year_no)){
for(j in 1:max(season_weeks)){
#this fits the blended model to your observed data. 
y[k,j] ~ dnorm(mu[k,j],tau_obs)
}
#### Process Model
for(j in 2:max(season_weeks)){
#process model for Gloeo
mu[k,j]~dnorm(lambda[k,j],tau_proc) 
lambda[k,j] <- beta1 + beta2*Temp[k,j]  
}
#Loops through items in seasonal for-loop and defines initial conditions
mu[k,1] ~ dnorm(x_ic,tau_ic) #keep in mind you'll need to index like a matrix 
lambda[k,1]~ dnorm(x_ic, tau_ic)
}
#### Priors
tau_proc ~ dgamma(a_proc,r_proc)
beta1 ~ dnorm(beta.m1,beta.v1) 
beta2 ~ dnorm(beta.m2,beta.v2) 
tau_obs ~ dgamma(a_obs,r_obs)
}
#monitor# tau_proc, beta1, beta2, mu, tau_obs

######################################################################################################
######################################################################################################
#### Initial values 
######################################################################################################
######################################################################################################

inits{
".RNG.state" <- c(709180540, 872107142)
"beta1" <- -1.01108748665038
"beta2" <- -0.0755493765884924
"lambda" <- structure(c(-5, -5, -5, -5, -5, -5, NA, NA, NA, NA, NA, NA, NA, NA, NA, NA, NA, NA, NA, NA, NA, NA, NA, NA, NA, NA, NA, NA, NA, NA, NA, NA, NA, NA, NA, NA, NA, NA, NA, NA, NA, NA, NA, NA, NA, NA, NA, NA, NA, NA, NA, NA, NA, NA, NA, NA, NA, NA, NA, NA, NA, NA, NA, NA, NA, NA, NA, NA, NA, NA, NA, NA, NA, NA, NA, NA, NA, NA, NA, NA, NA, NA, NA, NA, NA, NA, NA, NA, NA, NA, NA, NA, NA, NA, NA, NA, NA, NA, NA, NA, NA, NA, NA, NA, NA, NA, NA, NA, NA, NA, NA, NA, NA, NA, NA, NA, NA, NA, NA, NA), .Dim = c(6, 20))
"mu" <- structure(c(-4.88447323427266, -5.09002083865297, -4.98250072303006, -5.06252573641773, -4.86553666163878, -5.05793852889114, -4.86800902433695, -1.40629029582743, -4.54412211434668, -4.83902753829681, -5.14212963622674, -3.35719339135576, -0.858393916291347, -4.25884619335954, -4.68065914433134, -2.07465563958858, -6.14263408110963, -5.79644634024043, -3.48210545686449, -2.9554804790279, -4.87623061956583, -1.3225473889699, -3.04967966337579, -2.2039507712937, -3.61680261273685, -2.97741311288633, -3.9570243055471, -1.27647579008478, -4.45809728897475, -1.48081131638123, -5.53610070357382, 0.671207168907678, -5.0220002754044, -4.21033423004962, -3.10730814182331, 0.190755815842931, -2.72644882412196, -1.7756317327222, -5.49736585814846, -0.975684242778981, -1.38889767291569, 0.941225778898221, -0.965949171172446, -2.10010639799228, -1.4603513438881, -2.83966736236635, -2.44924241610131, 0.277654021793846, -1.1186007103605, -0.672055538464013, -1.10510326707395, -0.470089590041516, -0.725967766285557, 0.873944680831514, -0.618721299610489, -2.51419584969572, -1.42606420872722, -0.879757428070396, -0.593400520806996, 0.0906200968014278, -1.25661913663853, 3.84611172491891, -0.252009273246337, 0.189138958014063, -0.380197850316847, -0.632158560338595, -2.62086883819601, 4.15220383837028, -2.90181354436226, 0.840177253783318, -1.15725545645728, -0.597453438325549, 0.925077944995484, 2.89886516263636, 1.00634710890968, -1.65234947713683, -0.527255913883262, 0.587191858025595, 1.33827600279574, 1.64505806575535, 1.62336979041066, -0.602528764078379, 0.593621546518271, -2.299895267107, -1.14065880628201, -0.625743607256828, -0.426161239910837, -0.827087208479461, 0.170714891523802, 0.0580900913673193, -0.888489079290975, -1.86071160058648, -1.01184613924603, -0.7544735060463, 1.49711456539079, -1.45656628428732, -1.14579714919043, -2.50256149538918, -2.14146671603684, -0.7537075464328, 2.44478222125322, 1.06689654647002, 0.575046884397471, -3.0796262651618, -3.14788202234763, -1.50163215159371, 3.28404850732764, -2.1084681220144, -4.38714405329572, -4.6933153767792, -5.362037701296, -4.28167844814171, -1.18832310143654, -4.33659510210697, -0.10908076403392, -2.70803062689331, -5.67941656458608, -3.65530420113577, -2.53215348937462, -2.07077389605204), .Dim = c(6, 20))
"tau_obs" <- 2.50528600743788
"tau_proc" <- 0.20510277590842
"y" <- structure(c(NA, NA, NA, NA, NA, NA, NA, NA, NA, NA, NA, NA, -6.8888888888889, NA, NA, NA, NA, NA, NA, NA, NA, NA, NA, NA, NA, NA, NA, NA, NA, NA, NA, NA, NA, NA, NA, NA, NA, NA, NA, NA, NA, NA, NA, NA, NA, NA, NA, NA, NA, NA, NA, NA, NA, NA, NA, NA, NA, NA, NA, NA, NA, NA, NA, NA, NA, NA, NA, NA, NA, NA, NA, NA, NA, NA, NA, NA, NA, NA, NA, NA, NA, NA, NA, NA, NA, NA, NA, NA, NA, NA, NA, NA, NA, NA, NA, NA, NA, NA, NA, NA, NA, NA, NA, NA, NA, NA, NA, NA, -8.83333333333335, NA, NA, NA, NA, NA, NA, NA, NA, NA, NA, NA), .Dim = c(6, 20))
".RNG.name" <- "base::Marsaglia-Multicarry"
}

inits{
".RNG.state" <- c(-1307450237, -769986831)
"beta1" <- -1.79306295224255
"beta2" <- 0.0119237800253757
"lambda" <- structure(c(-5, -5, -5, -5, -5, -5, NA, NA, NA, NA, NA, NA, NA, NA, NA, NA, NA, NA, NA, NA, NA, NA, NA, NA, NA, NA, NA, NA, NA, NA, NA, NA, NA, NA, NA, NA, NA, NA, NA, NA, NA, NA, NA, NA, NA, NA, NA, NA, NA, NA, NA, NA, NA, NA, NA, NA, NA, NA, NA, NA, NA, NA, NA, NA, NA, NA, NA, NA, NA, NA, NA, NA, NA, NA, NA, NA, NA, NA, NA, NA, NA, NA, NA, NA, NA, NA, NA, NA, NA, NA, NA, NA, NA, NA, NA, NA, NA, NA, NA, NA, NA, NA, NA, NA, NA, NA, NA, NA, NA, NA, NA, NA, NA, NA, NA, NA, NA, NA, NA, NA), .Dim = c(6, 20))
"mu" <- structure(c(-4.8243234856737, -4.93859202708745, -4.877150825703, -5.03577074219802, -5.20156595154832, -5.0446992802001, -4.16021495820334, -2.23688183707659, -3.9355689042301, -4.72891880498629, -4.35667217030148, -3.32187557311153, 0.190731072736053, -3.84994253613757, -5.87821459240213, -1.89054332975884, -5.79342450307388, -3.721249260203, -2.54889157930584, -5.05038362672611, -6.49383894130389, -0.997409433045818, -4.06652883243093, -3.5496656559814, -3.08644687284527, -2.01913829664956, -4.41627445721281, -1.15367640796283, -4.16605228289403, -1.67701395885073, -5.20287752796976, 1.04364659441892, -4.93974005486525, -3.60689405257688, -3.19499196797834, 0.248769161089008, -1.85240408244892, -2.83390712595946, -5.59283467287593, -2.10745408609975, -1.3217761139318, 1.30014207497755, -3.24739186514107, -3.55300730334507, -0.454683726499607, -1.53792726984968, -3.36799404020929, 0.177677029594184, -0.626218671861198, -1.19383748151433, -1.67809581777474, -1.83306664474015, -2.59290379730335, 0.0603096097237978, -0.652882146742059, -2.14636664382685, -1.79567097018703, -0.949094415835157, -0.325119852677965, -1.30235548640828, -0.795444939583287, 1.35305898066567, 0.292501520860977, 0.633199091752488, -1.12309115754471, -0.18019648311257, -2.15997814516613, 2.91346735409451, -0.899169349510622, 1.85030211246796, -0.119709708637299, -2.03420973334435, 0.406492341083061, 2.68273961655116, 2.48578532871949, -1.80141728515357, -1.2341222860329, -0.573225006553111, -1.29320206368629, 1.67557869059029, -0.125483892471132, -2.68540902017966, 1.52161116523456, 0.0344748857187585, 0.348451386285679, -1.33870425372277, 0.606347903883825, -0.743565496099787, 0.975176427256013, 0.0324199422503128, -0.281322922693067, -0.881250261218463, -1.33149490180547, -0.417705841224533, 0.540883233564059, -2.33687837493068, -1.75221076900026, -2.04616199695513, -3.34360436629628, -0.0584703617792086, 0.639372846095608, 0.275004627703384, -0.322932185335111, -3.56362292170608, -4.94727670715935, -2.05486212143263, 3.82637174771132, -1.97498130742999, -1.68404256419021, -4.09683463982722, -5.90219002181696, -3.26787596697328, -1.23915869347856, -3.67754073332227, -1.26158159596473, -2.93382648679785, -5.55396896003614, -3.08872656648557, -2.26551931477679, -3.42123203180626), .Dim = c(6, 20))
"tau_obs" <- 1.50999857069001
"tau_proc" <- 0.212347220913715
"y" <- structure(c(NA, NA, NA, NA, NA, NA, NA, NA, NA, NA, NA, NA, 0, NA, NA, NA, NA, NA, NA, NA, NA, NA, NA, NA, NA, NA, NA, NA, NA, NA, NA, NA, NA, NA, NA, NA, NA, NA, NA, NA, NA, NA, NA, NA, NA, NA, NA, NA, NA, NA, NA, NA, NA, NA, NA, NA, NA, NA, NA, NA, NA, NA, NA, NA, NA, NA, NA, NA, NA, NA, NA, NA, NA, NA, NA, NA, NA, NA, NA, NA, NA, NA, NA, NA, NA, NA, NA, NA, NA, NA, NA, NA, NA, NA, NA, NA, NA, NA, NA, NA, NA, NA, NA, NA, NA, NA, NA, NA, 0, NA, NA, NA, NA, NA, NA, NA, NA, NA, NA, NA), .Dim = c(6, 20))
".RNG.name" <- "base::Super-Duper"
}

inits{
".RNG.state" <- c(264, -1974974090, -1180364904, -195666982, 397561605, 448425646, -256963874, 1094168256, -1860298150, 348506351, -1704754365, -853832993, -943491169, -1873952246, -24135761, -1142435071, -994820653, -878105810, 419432984, -965804525, -2136945994, -1534506949, 1336356436, 108935158, 166042758, -1149614802, -652026995, -641084680, -191366238, 971128050, -149192026, -472002698, 1824526333, 1546983061, -633840699, -1336061614, -956529274, 1473329047, 2076842337, -1441692229, -1074385563, -1913939072, 430486852, 1134596985, -1933603306, -1545652544, 275375566, -562353173, -2086493591, -1434466931, -1423053588, 1326335758, -1125710496, -1105328106, 1274491539, -1870431651, -2013285020, 345281122, -750021816, -223870514, -1099542914, -1704563424, 26739010, -940817881, 2006444951, 632353493, -1745523146, -1248949109, -1850232105, 199223095, 143479987, -312824858, 1778948641, 1469364028, 1313549611, -411155452, 1879566047, -1746007666, -611991585, 1171670447, 2029621772, 1778243846, 1504715202, 1836158749, -1533212171, 235387101, 671631119, 1195046387, 1571678570, 424279339, 1128327442, -1574939641, 648063472, -416817643, 407591112, 1935039458, -1829312417, 585146698, -1786966306, -477285950, 934074202, 1733784820, 834391605, -2115717039, 138869053, -2106167707, -961565023, -875631850, -639735201, -1776870559, -954106214, -858287014, -1338735375, -43397808, 1603360516, 1680595488, 1302912082, 1145834115, 1285628633, 147855339, -1982983157, 638790642, 1623906923, 880816300, -1820030108, 1731854848, 1326544148, -1218541273, -1951107342, -1864272211, 2056085809, -2135057576, -700887993, 175833318, -1662352801, -771154575, 371509700, -521092718, 1363656653, 747752945, -26466587, -94866690, -1489511631, -660925306, -431401323, -1141516938, -1795784295, 584642948, -1988145415, -998419916, 2053174936, 1652428461, 1475475528, 1435145769, -88775814, 2092755603, -383850506, -885116932, 1616278971, -645907058, -729333156, 1046333044, 190831165, -919487621, 958629737, 916598297, -1193791138, -1688239873, -1478848816, -423895828, -2073898766, 1488079983, 229196498, 1666614644, -419733149, 1779452051, -1372539169, 440117192, -29578828, -1959549058, 1697926824, -1658843907, -1920944909, 786363930, -1054904493, 1736194780, -603987108, -316662183, 838184740, -443284154, -1315539319, -1893914689, -1046614805, 229976474, -569318228, -1219481919, -857246857, -1496199100, 1951727050, -1674094293, -535624000, -1701174725, 1035175262, -904468915, -1166436581, 2016953863, -137450797, 1161002935, 906585223, 1945794933, 1776889977, -835682977, -2093005295, 1154751810, 451762175, 1903202026, 359465325, 2128379432, 1813396317, -706421354, 1721949005, 135193847, 1921722880, 1126102509, -138933022, 1228001963, 2142947637, -2032805272, 1927132792, -193273782, -347458770, 1307332120, 1322913360, 1225462396, -31991816, 1549118840, -1189819756, -1656642699, -561818751, 1310529331, -1838402617, 20337967, -499261957, 1656822891, -1996973169, -1643060985, -69124374, 1313450065, -1667309024, -1361110443, -615261925, 568639302, -1721620466, 1305589190, 1741078286, 1300725216, 1608832519, -157009931, 848752224, -859302220, 738246679, 582485927, -1794282333, -1132691596, -299023602, 203873832, 454507463, -1065686403, -1289898348, -197274576, -1958379669, 1278550872, -761280301, 2046279913, 1876048053, 1625709759, 301248017, 49180617, -1317312643, 502403884, -871060374, -926691923, 1627674201, -566658011, -1765099702, 1283435157, -1066509757, 1296305276, -107308977, -1179519042, -265510580, 5765708, -1198353957, 1353877920, -1969678350, -1549369949, -726749481, 1654616643, -1091194162, 67826571, -890276506, 290058630, 105324026, 305213323, 1716358960, 1135697794, -446064646, 420453574, 1373702318, 151745655, -1693216300, -1329778045, 144329223, -1146173490, 849929585, 924711677, -388733142, -1180818863, -345466249, -1710658562, 105330317, -1071691360, -2096167579, -619204583, -2054745966, -1088646912, -1692543882, -1052240499, -418260257, -802354483, -1419066248, 1827989842, 1340987338, 361973242, 1499646421, -296722804, -276967224, -1339101728, 2108898584, -818086297, 372429606, 837725664, -1825451815, -975060602, 1662079782, -997107578, -1120618946, -796558435, 1987708131, -134010318, 919218484, -725997604, -83411466, 430018772, 651643410, -1390652316, 584548219, -240599376, 1732631671, 1419662960, 939414922, -444742169, 1354436218, 882713268, -1662840711, -158110240, -975871524, -926230014, 2003974997, -1868120235, -2132763346, 65401910, 2018477800, -1772485669, -1903475676, -1856273734, -135433774, 1145529966, 691166373, 276857361, -948922562, 109865819, 1775731870, 751701582, -492025081, -1715059261, -1922940884, -1888449186, -829744584, -1680679428, -1595436394, 615233185, 1671680320, -1303817516, -877765257, -704155973, -1639125143, -1959361286, 1045050357, 1413911732, -1288142273, 45830049, -1418697195, 1733131337, -156208708, 16777955, -740948909, -1652699310, 1836509193, 338396963, -1531103151, 537711350, 707646826, 758795561, 396457837, -905361754, 286702075, -386716206, -335668689, 1986863133, -2140307072, 10855298, -1133741411, -551415203, -2102646002, -1485903904, 1977162665, -1978556761, -2047365424, 1762145774, -1122945403, -689504245, -417710241, 54123351, 1177375362, 1645884225, 1539992049, -503696412, -956953280, -276668093, -564067995, 1406332164, -604077616, -1054565112, 959708298, -993942830, 2044016147, -912735520, -1866130788, -865304805, 1638426362, 312925862, 2111339526, 1306944101, -99833316, 418940624, 167416590, -917289327, -1834949321, -269825185, 1352610072, 1382243058, 1475576139, -2069013446, -831705723, 268084329, 1830653647, -329210800, -957275400, 370550687, -41261287, -1484317339, 546833043, -2060324965, -526278656, 1371625590, -2000169250, -82917780, -186351177, -1928337112, 1615801896, 53529357, -2130997981, 741491319, -1282775582, 69432751, -531128845, 846078353, 873591351, 302835942, -749668165, -936960466, 1756727089, 326363910, 1634807071, 284796788, 1611808335, -1805494126, 930551557, 1113784412, 1824701392, 1656554515, 355532049, 525457414, 1677829929, 2118467607, -284911714, -115408215, 1311344051, -1957537532, 316545241, 1791949754, 1398733426, -754926216, 319976666, 2138240609, 1265814705, -270134452, -1788337266, -1514417437, -1608573393, 535821690, -1502125545, 740659401, 1184304101, 1349003852, -57428724, -2052467041, -1604761452, 1260916683, -1271611123, 110653865, 860781120, 513416557, -926447850, 1571789937, 1677381694, 388809907, -929217166, -914338935, 1303290004, -1875971097, 1306850212, -1194372148, 1590928173, 487055377, 1738477479, 1200654196, 1998477996, -1367435184, 2120957836, -1398181624, 593607315, 1815549158, 726563638, 1066375639, 1297346235, -780990092, -1058545669, 1805631796, 1318225044, -936617822, -1986187278, 624348689, -1231520563, 677636272, -676250281, 1300304040, -142086765, 286205411, 1294750662, -1277960135, 978078864, 1410322641, -1612450845, -759728810, -797713501, 1833438865, -2064947960, -1117972986, -281770434, -1187010776, -689299339, 883220544, 825757245, 1236052325, 551709344, -1893746570, -1750227113, 482421041, 1380971254, -1817155016, 376444483, 524868163, -107035313, 1917083190, -995182427, -1721707194, -561596981, -1171202940, 2022465829, -1122175699, 1357034558, 1160409521, 1232875050, 905421656, 769986890, 591947998, -420569200, -870323144, -1061746404, -1768430421, 1577840866, -1931939416, 758664702, -1762554041, 1777394731, -559972289, -1194516564, 1168302521, 936285370, 513616503, 217069371, 1409661949, -1911381951)
"beta1" <- -1.4365815799856
"beta2" <- -0.00173498540955287
"lambda" <- structure(c(-5, -5, -5, -5, -5, -5, NA, NA, NA, NA, NA, NA, NA, NA, NA, NA, NA, NA, NA, NA, NA, NA, NA, NA, NA, NA, NA, NA, NA, NA, NA, NA, NA, NA, NA, NA, NA, NA, NA, NA, NA, NA, NA, NA, NA, NA, NA, NA, NA, NA, NA, NA, NA, NA, NA, NA, NA, NA, NA, NA, NA, NA, NA, NA, NA, NA, NA, NA, NA, NA, NA, NA, NA, NA, NA, NA, NA, NA, NA, NA, NA, NA, NA, NA, NA, NA, NA, NA, NA, NA, NA, NA, NA, NA, NA, NA, NA, NA, NA, NA, NA, NA, NA, NA, NA, NA, NA, NA, NA, NA, NA, NA, NA, NA, NA, NA, NA, NA, NA, NA), .Dim = c(6, 20))
"mu" <- structure(c(-5.08860678897294, -4.79509506049508, -5.07346162459164, -5.04860201758287, -5.08561752639437, -5.07982413856559, -5.1587205925833, -3.00587321142169, -5.08939508813409, -5.00247201746693, -3.99234987685095, -5.39304640682441, -0.141303049728767, -2.12807733344511, -4.49456856499576, -4.03632695520409, -5.2454492447347, -4.60555630935826, -2.09993068559744, -3.52532301959872, -6.90540753647154, -0.409580362773293, -3.46258482075198, -3.25570951327582, -3.79623392102645, -3.34138456023337, -3.43328774946629, -0.963805253302735, -3.12566338640133, -3.40379844190138, -5.80179317797781, 0.619772476322336, -3.87229007477522, -5.05097837157983, -5.00241121587313, -1.39621641506394, -2.78377610661802, -2.90940403125866, -3.5770577377751, 0.00669681821868839, -1.43748571435739, 0.177027108376838, -0.50645626623496, -2.68429209785054, -1.17642083155427, -2.33273221726811, -1.7060696042912, 0.996700181634043, 0.48126393834018, 0.533824380204578, -2.00449501386512, -0.934821401099573, -1.5906103018644, -1.74868303962782, -0.518309223795153, -3.21488682842961, -2.90732517813064, 0.48903316325853, -0.403730369089632, -0.740823550773501, 0.286733703059246, 0.522206515213731, -0.617294131709526, 0.0631239483913364, -1.16256129488579, 0.041321907615599, -3.33719106866409, 2.61675074682843, -3.19572639596234, 0.659801644386996, -1.32117282300087, -0.223221861216073, 0.235565075917424, 4.06758078838403, 2.38753206612858, -3.0671153499843, -0.795279488705138, 1.45309674604189, -0.412448453121078, -0.0277586135900798, -0.838411843770997, -0.435338499434506, 3.18162250480503, -1.2129422478805, -0.874285235959713, -0.547025764823075, -1.89925083938876, 0.369105446771278, 1.02252047170337, -1.15639846838441, -0.761433471445956, -1.91681477418135, -1.48150411602018, -0.431389858936977, 0.241350445504066, 0.123605895151017, -2.15521965203069, -1.67412728165428, -3.69909382079284, -0.419511486325807, 2.76551119867152, -0.198158583738891, -0.722962775438868, -2.81644517232081, -5.65378358437965, -0.522889589633319, 4.45132598954218, -3.00515790767385, -1.05329638590797, -1.69627629934644, -5.46246235256703, -1.42540693203348, -0.0323043823289838, -2.50942343779235, 1.96793776082344, -2.88641436621852, -5.78263857396921, -1.70649904464221, -1.24669442353737, -0.736247989838003), .Dim = c(6, 20))
"tau_obs" <- 0.842912345722014
"tau_proc" <- 0.209533018398469
"y" <- structure(c(NA, NA, NA, NA, NA, NA, NA, NA, NA, NA, NA, NA, 6.8888888888889, NA, NA, NA, NA, NA, NA, NA, NA, NA, NA, NA, NA, NA, NA, NA, NA, NA, NA, NA, NA, NA, NA, NA, NA, NA, NA, NA, NA, NA, NA, NA, NA, NA, NA, NA, NA, NA, NA, NA, NA, NA, NA, NA, NA, NA, NA, NA, NA, NA, NA, NA, NA, NA, NA, NA, NA, NA, NA, NA, NA, NA, NA, NA, NA, NA, NA, NA, NA, NA, NA, NA, NA, NA, NA, NA, NA, NA, NA, NA, NA, NA, NA, NA, NA, NA, NA, NA, NA, NA, NA, NA, NA, NA, NA, NA, 8.83333333333335, NA, NA, NA, NA, NA, NA, NA, NA, NA, NA, NA), .Dim = c(6, 20))
".RNG.name" <- "base::Mersenne-Twister"
}



######################################################################################################
######################################################################################################
#### Data 
######################################################################################################
######################################################################################################

data{
"y" <- structure(c(-4.06591991745718, -2.94665209430014, -5.80914299031403, -5.80914299031403, -5.80914299031403, -5.80914299031403, -4.59783674154387, -1.88686814833501, -4.59783674154387, -5.80914299031403, -5.80914299031403, -4.59783674154387, NA, -4.06591991745718, -5.80914299031403, -2.94665209430014, -5.80914299031403, -5.80914299031403, -3.26053097886945, -3.72054301540761, -5.80914299031403, -1.93466900116998, -3.72054301540761, -1.98486998368036, -4.06591991745718, -2.60726358981506, -4.59783674154387, -0.668845883547919, -3.72054301540761, -1.47248282297889, -5.80914299031403, 0.655974922329534, -5.80914299031403, -4.59783674154387, -3.72054301540761, 0.281988862342713, -2.51565896414186, -2.70811366311588, -5.80914299031403, -1.18037030439171, -2.70811366311588, 1.31661982654987, -1.53614971441768, -2.82028710501947, -1.53614971441768, -2.15263466474332, -2.60726358981506, -0.0653754237762429, -0.589253733521219, -0.711150923698861, -1.8412483567478, -1.25195872848308, -2.51565896414186, 0.543420073956604, -0.211473338919426, -2.21545316410442, -1.47248282297889, -0.696849461552251, -1.01127799732093, 0.265852896722762, -1.03091569138165, 2.75676687558721, -0.168704041457194, -0.382628870687186, -0.615086916013517, 0.535170022761435, -2.60726358981506, 3.57821555646438, -1.75581432451179, 0.163154257134424, -0.833582703939862, -0.53950714937723, 1.18076288241878, 3.79205461642565, 1.4123738990455, -1.8412483567478, -0.60208690792214, 0.8962786165969, -0.013864711444381, 1.55353770544924, 0.869955466752787, -1.27700755822547, 1.06823942041139, -1.18037030439171, -0.576583164939999, -0.696849461552251, 0.0554034869116419, -0.382628870687186, 0.462152453642488, 0.138825724259713, -1.32906996434575, -0.900920880514602, -0.770494290290964, -0.56407113301186, 1.43788878016486, -0.900920880514602, -2.28248391223017, -1.88686814833501, -2.82028710501947, -0.43587591418692, 2.24561904248638, 0.677760368893093, 1.5185224738127, -2.94665209430014, -4.06591991745718, -1.1135661849228, 4.40231277434833, -2.28248391223017, NA, -4.06591991745718, -5.80914299031403, -3.72054301540761, -0.770494290290964, -4.06591991745718, -0.274600501197854, -3.09132676577126, -5.80914299031403, -3.46431559990757, -1.44210761092232, -2.0377249228153), .Dim = c(6, 20))
"year_no" <- c(1, 2, 3, 4, 5, 6)
"beta.m1" <- 0
"beta.m2" <- 0
"beta.v1" <- 0.001
"beta.v2" <- 0.001
"Temp" <- structure(c(7.77777777777778, 13.8888888888889, 14.4444444444444, 17.7777777777778, 12.2222222222222, 5, 7.77777777777778, 13.8888888888889, 16.6666666666667, 13.3333333333333, 13.8888888888889, 13.3333333333333, 12.7777777777778, 10.5555555555556, 18.3333333333333, 10.5555555555556, 10.5555555555556, 12.2222222222222, 6.11111111111111, 8.88888888888889, 10.5555555555556, 11.1111111111111, 9.44444444444444, 16.1111111111111, 17.7777777777778, 17.7777777777778, 16.6666666666667, 21.1111111111111, 6.66666666666667, 19.4444444444444, 14.4444444444444, 10, 16.1111111111111, 16.1111111111111, 17.2222222222222, 22.7777777777778, 12.2222222222222, 21.1111111111111, 15, 20, 18.3333333333333, 20, 13.3333333333333, 20.5555555555556, 11.6666666666667, 15, 20.5555555555556, 12.7777777777778, 14.4444444444444, 16.1111111111111, 19.4444444444444, 11.6666666666667, 22.7777777777778, 20, 19.4444444444444, 20.5555555555556, 12.2222222222222, 16.1111111111111, 10, 12.2222222222222, 11.1111111111111, 19.4444444444444, 16.1111111111111, 18.8888888888889, 13.3333333333333, 17.2222222222222, 17.2222222222222, 14.4444444444444, 13.3333333333333, 16.6666666666667, 19.4444444444444, 13.3333333333333, 14.4444444444444, 14.4444444444444, 11.1111111111111, 18.3333333333333, 8.33333333333333, 8.88888888888889, 7.77777777777778, 15, 20, 11.1111111111111, 13.8888888888889, 15.5555555555556, 4.44444444444444, 15, 12.7777777777778, 8.33333333333333, 17.7777777777778, 11.1111111111111, 8.88888888888889, 13.3333333333333, 12.7777777777778, 16.1111111111111, 14.4444444444444, 10, 11.1111111111111, 2.22222222222222, 15, 7.22222222222222, 16.6666666666667, 4.44444444444444, 1.66666666666667, 8.33333333333333, 16.1111111111111, 3.33333333333333, 2.22222222222222, 6.11111111111111, 16.6666666666667, 13.8888888888889, 14.4444444444444, 11.1111111111111, 6.66666666666667, 5.55555555555556, 6.66666666666667, 7.77777777777778, 0.555555555555556, 12.2222222222222, 7.22222222222222, 0), .Dim = c(6, 20))
"season_weeks" <- c(1, 2, 3, 4, 5, 6, 7, 8, 9, 10, 11, 12, 13, 14, 15, 16, 17, 18, 19, 20)
"x_ic" <- -5
"tau_ic" <- 100
"a_proc" <- 0.001
"r_proc" <- 0.001
"a_obs" <- 15.37
"r_obs" <- 7.84


}

######################################################################################################
######################################################################################################
