######################################################################################################
######################################################################################################
#### JAGS model file written by runjags version 2.0.4-2 on 2018-12-18 10:52:37 
######################################################################################################
######################################################################################################

model{
for(i in 1:N){
#this fits the blended model to your observed data. 
y[i] ~ dpois(m[i])
}
for(i in 2:N){
#This blends the poisson and zero inflation models
m[i] <- mu[i]*b[i] + 1E-10 #adding the tiny value is important 
#this is the bernoulli outcome of the zero inflation
b[i] ~ dbern(theta[i])
#Adding process error to Poisson component
mu[i]~ dnorm(log(lam[i]), tau.proc)
#mu[i] is the linear combination of predictors and parameters for the poisson component of the model.
log(lam[i]) <- beta.pois[1] + beta.pois[2]*m[i-1] 
#theta[i] is the linear combination of predictors and paramters for the bernoulli component of the model.
logit(theta[i]) <- beta.bern[1]+ beta.bern[2]*x[i]
}
#Flat priors
beta.bern ~ dmnorm(beta.bern.m,beta.bern.v)
beta.pois ~ dmnorm(beta.pois.m,beta.pois.v)
tau.proc~dgamma(0.001,0.001)
#Initial value
m[1]~dpois(alpha)
}
#monitor# tau.proc, beta.bern, beta.pois, m

######################################################################################################
######################################################################################################
#### Initial values 
######################################################################################################
######################################################################################################

inits{
".RNG.state" <- c(20301, 16079, 16381)
"b" <- c(NA, 1, 1, 1, 1, 1, 1, 1, 1, 1, 1, 1, 1, 1, 1, 1, 1, 1, 1, 1, 1, 1, 1, 0, 1, 1, 1, 1, 1, 1, 1, 1, 1, 1, 1, 1, 1, 0, 1, 1, 1, 1, 1, 1, 1, 1, 1, 1, 1, 1, 1, 1, 1, 1, 0, 1, 1, 1, 1, 0, 1, 1, 1, 1, 1, 1, 1, 1, 1, 1, 1, 1, 1, 1, 1, 0, 1, 1, 1, 1, 1, 1, 1, 1, 1, 1, 1, 1, 1, 1, 1, 1, 1, 1, 1, 1, 0, 0, 0, 0, 0, 1, 0, 0, 1, 0, 0, 1, 1, 1, 1, 1, 1, 1, 1, 1, 1, 1, 0, 0, 0, 0, 0, 0, 0, 0, 0, 0, 0, 0, 1, 1, 1, 1, 1, 1, 1, 1, 1, 1, 1, 1, 1, 1, 1, 1, 1, 1, 0, 0, 0, 0, 0, 0, 1, 1, 1, 1, 1, 1, 1, 1, 1, 1, 1, 1, 1, 1, 1, 1, 1, 1, 0, 1, 0, 1, 1, 1, 1, 1, 1, 1, 1, 1, 1, 1, 1, 1, 1, 1, 1, 1, 0, 1, 1, 1, 1, 1, 1, 1, 1, 1, 1, 1, 1, 1, 1, 1, 1, 1, 1, 1, 1, 1, 1, 1, 1, 1, 1, 1, 1, 1, 1, 1, 1, 1, 1, 1, 1, 1)
"beta.bern" <- c(0.027511038697768, 0.0963081982458003)
"beta.pois" <- c(0.00118786696796304, 0.0394990031651556)
"m" <- c(54, NA, NA, NA, NA, NA, NA, NA, NA, NA, NA, NA, NA, NA, NA, NA, NA, NA, NA, NA, NA, NA, NA, NA, NA, NA, NA, NA, NA, NA, NA, NA, NA, NA, NA, NA, NA, NA, NA, NA, NA, NA, NA, NA, NA, NA, NA, NA, NA, NA, NA, NA, NA, NA, NA, NA, NA, NA, NA, NA, NA, NA, NA, NA, NA, NA, NA, NA, NA, NA, NA, NA, NA, NA, NA, NA, NA, NA, NA, NA, NA, NA, NA, NA, NA, NA, NA, NA, NA, NA, NA, NA, NA, NA, NA, NA, NA, NA, NA, NA, NA, NA, NA, NA, NA, NA, NA, NA, NA, NA, NA, NA, NA, NA, NA, NA, NA, NA, NA, NA, NA, NA, NA, NA, NA, NA, NA, NA, NA, NA, NA, NA, NA, NA, NA, NA, NA, NA, NA, NA, NA, NA, NA, NA, NA, NA, NA, NA, NA, NA, NA, NA, NA, NA, NA, NA, NA, NA, NA, NA, NA, NA, NA, NA, NA, NA, NA, NA, NA, NA, NA, NA, NA, NA, NA, NA, NA, NA, NA, NA, NA, NA, NA, NA, NA, NA, NA, NA, NA, NA, NA, NA, NA, NA, NA, NA, NA, NA, NA, NA, NA, NA, NA, NA, NA, NA, NA, NA, NA, NA, NA, NA, NA, NA, NA, NA, NA, NA, NA, NA, NA, NA, NA, NA, NA, NA, NA, NA, NA, NA)
"mu" <- c(NA, 55.0733182682193, 18.4624009576394, 160.934355775783, 97.1067577445292, 73.415816798283, 249.174227802396, 421.332757259118, 5.22215579000748, 21.451936781822, 50.1262186465824, 56.3409541145217, 320.079672979888, 425.731534618056, 0.718070503484011, 477.010182777655, 287.90812079001, 169.198579547998, 125.544180234079, 186.163592953819, 420.872236897374, 45.238868131272, 45.1799607719957, 2090.03014329944, 0.541094297212238, 35.9378417557443, 11.7103849364041, 33.7078147348854, 114.406185201186, 670.74648677638, 2301.4355662172, 236.329224647935, 109.192426040444, 3137.39982217146, 661.548465923364, 491.07089859402, 365.66260051182, 974.583163129004, 15.1798749146636, 75.9511161476469, 30.3724330596032, 432.815955402056, 130.320332239376, 531.711916737675, 94.2133457808737, 1614.45971197873, 169.663157071778, 33.3234351402971, 105.041417540441, 13.2324168112236, 121.556957918405, 1.56041890504681, 31.7414523389293, 30.2370032293457, 788.861078475404, 4.3529712233573, 1.35981531254506, 3.11521285567065, 0.955952402437886, -673.725551350873, 7.6017518955622, 25.2233021488576, 56.671588164141, 129.656902313404, 51.8414380808871, 12.3954856513548, 499.508612317986, 131.4774669471, 82.8081473009137, 41.3446238773412, 12.4988363205303, 653.025060806613, 110.75650624832, 4.21938868532802, 16.9400077483827, -238.658603514215, 8.50440847849547, 17.5626172142068, 4.52574326283081, 5.21131712513329, 7.1323215279307, 306.144734575948, 13.4168760712566, 7.2184831786997, 78.2447788010518, 15.5986114742333, 2214.07947150398, 5156.24366466981, 6223.81012931685, 631.335724535998, 83.7290920908617, 53.1183795417648, 22.5949988214291, 10.0503827366964, 2.70583256966376, 4.61046808099035, -1746.32159817912, -267.599105043009, 186.284224792641, 5.36291149350916, 19.4808012704725, 4.89160315301065, -1032.98317390294, 1021.2262670427, 0.709577433009253, 1408.89692546368, -1234.85489156256, 24.3279894099539, 23.3157013230538, 30.1195324825784, 114.466495145173, 32.7052361889183, 609.9013126604, 349.471765596612, 172.143790364619, 41.9774688967678, 5.1551284592502, 1.6172052694589, -1431.71349688365, 895.945206830532, 762.210803955221, 2001.95100948152, -808.901267691474, -1078.9047706552, -27.2496797480637, 184.680220566564, -287.229596288494, -619.238967212359, 1011.23018103369, 443.579548528161, 5.10872679767359, 20.8429487931231, 65.5240094898034, 2.18195497485216, 43.9393812149095, 17.7151894006422, 37.1398618871867, 83.326251020227, 96.9962478402544, 180.427315542006, 31.4978617589501, 43.7810912640392, 88.8552178021472, 80.0384574069529, 76.0441862355009, 46.0306072383755, 6.94895862494032, 11.9826590471534, 1189.18506444283, 2282.812266998, 188.68176401049, -375.609692634549, -469.686357227537, 530.057269684866, 5.54873986841353, 3.36944013564933, 2.70232146523415, 7.87416489425743, 4.88684094783815, 15.4291133565067, 52.4003688947785, 71.971537217897, 61.757860427918, 73.6552144066164, 409.833205420295, 241.135813279517, 641.00319662542, 1346.22103502933, 11320.8342962351, 64.9132395871797, 33.1235709155751, 5.86432693602619, -397.925151628994, 1.08736723302493, 1182.26358613897, 23.5289395558382, 29.6126539136041, 189.350661302512, 498.995710069868, 132.733281037114, 255.214037659296, 166.508989954869, 233.103856848799, 83.6175427474993, 365.24891084197, 35.6263820508519, 151.938803998836, 64.1307609302539, 307.579029768328, 11.6180536042962, 5.30094134843781, 16.5162059483298, -1288.49993353345, 3.03915589185748, 16.7641982386078, 3.63885099014801, 3.05201230212939, 17.1166465768863, 9.99786538157013, 4.18363408424631, 26.6354296407827, 183.269244681174, 26.5888422503624, 50.3366260083024, 126.658898115507, 96.1981651428496, 122.849146977265, 1953.17814997473, 284.424989447096, 116.065544123133, 44.6952805905052, 7.27024636765705, 20.0452515801138, 8.66661250218336, 10.5052299356285, 253.38700824367, 472.314750195797, 44.6295713910348, 1284.13587819187, 527.465015515793, 1055.72650961297, 216.516622084335, 616.277971179601, 81.8422794216411, 316.658581507977, 71.3463512927548, 203.089754557286, 119.300565171707, 13.9035484630382, 11.5154606386764)
"tau.proc" <- 7.92293486005705e-07
".RNG.name" <- "base::Wichmann-Hill"
}

inits{
".RNG.state" <- c(884498573, 578368237)
"b" <- c(NA, 1, 1, 1, 1, 1, 1, 1, 1, 1, 1, 1, 1, 1, 1, 1, 1, 1, 1, 1, 1, 1, 1, 0, 1, 1, 1, 1, 1, 1, 1, 1, 1, 1, 1, 1, 1, 0, 1, 1, 1, 1, 1, 1, 1, 1, 1, 1, 1, 1, 1, 1, 1, 1, 0, 1, 1, 1, 1, 0, 1, 1, 1, 1, 1, 1, 1, 1, 1, 1, 1, 1, 1, 1, 1, 0, 1, 1, 1, 1, 1, 1, 1, 1, 1, 1, 1, 1, 1, 1, 1, 1, 1, 1, 1, 1, 0, 0, 0, 0, 0, 1, 0, 0, 1, 0, 0, 1, 1, 1, 1, 1, 1, 1, 1, 1, 1, 1, 0, 0, 0, 0, 0, 0, 0, 0, 0, 0, 0, 0, 1, 1, 1, 1, 1, 1, 1, 1, 1, 1, 1, 1, 1, 1, 1, 1, 1, 1, 0, 0, 0, 0, 0, 0, 1, 1, 1, 1, 1, 1, 1, 1, 1, 1, 1, 1, 1, 1, 1, 1, 1, 1, 0, 1, 0, 1, 1, 1, 1, 1, 1, 1, 1, 1, 1, 1, 1, 1, 1, 1, 1, 1, 0, 1, 1, 1, 1, 1, 1, 1, 1, 1, 1, 1, 1, 1, 1, 1, 1, 1, 1, 1, 1, 1, 1, 1, 1, 1, 1, 1, 1, 1, 1, 1, 1, 1, 1, 1, 1, 1)
"beta.bern" <- c(-0.0068003871272705, 0.101373634924193)
"beta.pois" <- c(-0.0107807421078704, 0.0512257761750263)
"m" <- c(44, NA, NA, NA, NA, NA, NA, NA, NA, NA, NA, NA, NA, NA, NA, NA, NA, NA, NA, NA, NA, NA, NA, NA, NA, NA, NA, NA, NA, NA, NA, NA, NA, NA, NA, NA, NA, NA, NA, NA, NA, NA, NA, NA, NA, NA, NA, NA, NA, NA, NA, NA, NA, NA, NA, NA, NA, NA, NA, NA, NA, NA, NA, NA, NA, NA, NA, NA, NA, NA, NA, NA, NA, NA, NA, NA, NA, NA, NA, NA, NA, NA, NA, NA, NA, NA, NA, NA, NA, NA, NA, NA, NA, NA, NA, NA, NA, NA, NA, NA, NA, NA, NA, NA, NA, NA, NA, NA, NA, NA, NA, NA, NA, NA, NA, NA, NA, NA, NA, NA, NA, NA, NA, NA, NA, NA, NA, NA, NA, NA, NA, NA, NA, NA, NA, NA, NA, NA, NA, NA, NA, NA, NA, NA, NA, NA, NA, NA, NA, NA, NA, NA, NA, NA, NA, NA, NA, NA, NA, NA, NA, NA, NA, NA, NA, NA, NA, NA, NA, NA, NA, NA, NA, NA, NA, NA, NA, NA, NA, NA, NA, NA, NA, NA, NA, NA, NA, NA, NA, NA, NA, NA, NA, NA, NA, NA, NA, NA, NA, NA, NA, NA, NA, NA, NA, NA, NA, NA, NA, NA, NA, NA, NA, NA, NA, NA, NA, NA, NA, NA, NA, NA, NA, NA, NA, NA, NA, NA, NA, NA)
"mu" <- c(NA, 60.3120205383158, 28.6773482372765, 148.575710134578, 116.456534582515, 57.3567225804409, 236.618337269168, 474.373515269437, 1.55836174739485, 17.8078010248117, 54.184633727264, 25.7600129148929, 352.310570689777, 482.748297149822, 2.95777216892838, 449.387542797451, 275.209702460445, 136.540425337196, 139.129763899685, 170.890417511559, 394.611267102884, 48.3213304479578, 42.9678321621375, 1530.78657615319, 1.98452721625972, 24.1423537289511, 13.9498045775842, 39.9397407326286, 92.4606940288088, 679.138519030523, 2320.94495665775, 226.942784567754, 86.6362168215548, 3204.34893117953, 669.281956252618, 482.193216500757, 357.569574863023, -2452.2266980489, 8.86356940816271, 73.3140309053185, 33.6533759953479, 442.230594861401, 134.028558265857, 519.955403377893, 66.2075727219727, 1568.49046099292, 158.205787484962, 38.7113868946208, 86.804952856943, 14.2208166973352, 104.545569322416, 3.91734715288487, 26.8535247023195, 34.4717415395563, -1822.90449351215, 2.97855504133268, 1.44968622306424, 13.7198354781844, 5.04898442246903, 1128.37117806384, 10.2697475102339, 44.0381893003345, 82.1510764124649, 111.673101146091, 54.2974201521702, 10.2402757365251, 439.708163776534, 133.129252180982, 72.4171365641185, 26.0793401218339, 16.8772057227243, 653.089363616082, 91.4850997907683, 5.07130432281522, 13.5650786702226, 893.316941294208, 8.86475732706215, 33.5894401213692, 2.72495933348719, 4.71592047388893, 12.9469142413252, 263.433021286162, 7.18401956923604, 8.80282912926766, 90.8020099782555, 22.4368841544152, 2218.54850069128, 5078.73819807399, 6220.08618973811, 726.425523208611, 65.358800238495, 87.2172042537079, 27.6570196930068, 6.36121381498717, 4.85365028100259, 4.19793609714617, -1183.85383317458, -379.400168506366, -29.0362375436957, -1010.07616892397, -523.645684327881, 1.76646548486293, 697.610742458246, -1218.32289376775, 1.72777470145431, -975.858000702254, -2150.65794908069, 25.1864538833815, 35.7857564453377, 43.6019139263395, 126.339737580277, 19.8881522517373, 604.891075748015, 337.687692017444, 138.04093780068, 77.4139663516412, 6.12609100010384, 2.85100465221916, -1851.49165761241, -29.2217165803995, -1500.91487697324, -642.016589305535, -1474.23827141062, -1281.9592690352, -1220.46556439848, 2382.21528237147, -1851.4412195783, -23.1231637279102, -1135.0545963511, 232.902784501434, 8.47959536038017, 29.2883031700959, 88.4501125261864, 0.626467772146364, 43.5855062674448, 22.6917145218289, 44.3176154605076, 63.2249780392966, 94.7944846062267, 162.985626383602, 25.7490571108537, 36.348349565657, 87.4364950987702, 70.8081192163175, 87.5977380025434, 42.1045855264677, 5.4008258309551, 1.4589087424706, 482.360693651548, 177.214523728282, -1338.73853459958, -542.46553310747, 999.957194877255, -492.255911236865, 2.10536039883034, 6.38795790449928, 5.68328499336484, 10.5286833117393, 11.6194396837534, 16.2538031454121, 45.5361454105072, 67.7137803312371, 55.4210433740558, 82.5544824784697, 420.491890051373, 223.487204369949, 593.766760369039, 1311.82853434911, 11421.5098151926, 60.7385439984859, 28.026466951432, 4.19242852664334, -827.978906313136, 1.52838389174729, -232.146892463659, 13.1510818419025, 30.3511634174122, 191.526082349743, 527.153943316122, 145.841162275799, 251.265452010349, 180.73149298, 248.626775659653, 86.5605516842627, 379.150377225655, 50.680600177559, 153.344407296674, 50.1251171397609, 292.87892803634, 14.304746343327, 4.87726704761458, 20.691373502875, 690.350817214851, 0.71918099826319, 26.269417986318, 1.16971299804329, 1.80653371252328, 7.88019624986258, 9.68787257656029, 9.17183838393537, 26.1976716259876, 221.508308969156, 33.1901695974139, 56.166681549864, 111.742046904012, 98.239220888134, 140.779436908751, 1975.68891830121, 291.927817378232, 135.385173348261, 70.3102351671011, 13.3059702323226, 12.337203675598, 8.32548100482158, 11.2343618588201, 212.596368119715, 511.048426340899, 52.3523382982682, 1299.8601564837, 495.680791185903, 1054.15488203365, 218.853406445175, 595.502496765581, 81.6345331047857, 334.400303337133, 69.9978864192091, 187.738041493686, 131.22409892518, 12.4918310796675, 18.1096459686489)
"tau.proc" <- 8.29130110419426e-07
".RNG.name" <- "base::Marsaglia-Multicarry"
}

inits{
".RNG.state" <- c(2019575206, 689759697)
"b" <- c(NA, 1, 1, 1, 1, 1, 1, 1, 1, 1, 1, 1, 1, 1, 1, 1, 1, 1, 1, 1, 1, 1, 1, 0, 1, 1, 1, 1, 1, 1, 1, 1, 1, 1, 1, 1, 1, 0, 1, 1, 1, 1, 1, 1, 1, 1, 1, 1, 1, 1, 1, 1, 1, 1, 0, 1, 1, 1, 1, 0, 1, 1, 1, 1, 1, 1, 1, 1, 1, 1, 1, 1, 1, 1, 1, 0, 1, 1, 1, 1, 1, 1, 1, 1, 1, 1, 1, 1, 1, 1, 1, 1, 1, 1, 1, 1, 0, 0, 0, 0, 0, 1, 0, 0, 1, 0, 0, 1, 1, 1, 1, 1, 1, 1, 1, 1, 1, 1, 0, 0, 0, 0, 0, 0, 0, 0, 0, 0, 0, 0, 1, 1, 1, 1, 1, 1, 1, 1, 1, 1, 1, 1, 1, 1, 1, 1, 1, 1, 0, 0, 0, 0, 0, 0, 1, 1, 1, 1, 1, 1, 1, 1, 1, 1, 1, 1, 1, 1, 1, 1, 1, 1, 0, 1, 0, 1, 1, 1, 1, 1, 1, 1, 1, 1, 1, 1, 1, 1, 1, 1, 1, 1, 0, 1, 1, 1, 1, 1, 1, 1, 1, 1, 1, 1, 1, 1, 1, 1, 1, 1, 1, 1, 1, 1, 1, 1, 1, 1, 1, 1, 1, 1, 1, 1, 1, 1, 1, 1, 1, 1)
"beta.bern" <- c(0.0110904239955102, 0.114003018891496)
"beta.pois" <- c(-0.0339143523346246, 0.0610411035105529)
"m" <- c(42, NA, NA, NA, NA, NA, NA, NA, NA, NA, NA, NA, NA, NA, NA, NA, NA, NA, NA, NA, NA, NA, NA, NA, NA, NA, NA, NA, NA, NA, NA, NA, NA, NA, NA, NA, NA, NA, NA, NA, NA, NA, NA, NA, NA, NA, NA, NA, NA, NA, NA, NA, NA, NA, NA, NA, NA, NA, NA, NA, NA, NA, NA, NA, NA, NA, NA, NA, NA, NA, NA, NA, NA, NA, NA, NA, NA, NA, NA, NA, NA, NA, NA, NA, NA, NA, NA, NA, NA, NA, NA, NA, NA, NA, NA, NA, NA, NA, NA, NA, NA, NA, NA, NA, NA, NA, NA, NA, NA, NA, NA, NA, NA, NA, NA, NA, NA, NA, NA, NA, NA, NA, NA, NA, NA, NA, NA, NA, NA, NA, NA, NA, NA, NA, NA, NA, NA, NA, NA, NA, NA, NA, NA, NA, NA, NA, NA, NA, NA, NA, NA, NA, NA, NA, NA, NA, NA, NA, NA, NA, NA, NA, NA, NA, NA, NA, NA, NA, NA, NA, NA, NA, NA, NA, NA, NA, NA, NA, NA, NA, NA, NA, NA, NA, NA, NA, NA, NA, NA, NA, NA, NA, NA, NA, NA, NA, NA, NA, NA, NA, NA, NA, NA, NA, NA, NA, NA, NA, NA, NA, NA, NA, NA, NA, NA, NA, NA, NA, NA, NA, NA, NA, NA, NA, NA, NA, NA, NA, NA, NA)
"mu" <- c(NA, 62.5232744838037, 8.15943747623148, 140.666799744753, 89.9438297426501, 71.8686800577194, 280.475954953018, 483.181237799395, 4.8702928492005, 34.5550863910201, 42.0597640378368, 28.8933458419149, 330.790945174163, 442.166701008593, 3.19350048486254, 423.669175537372, 285.085491884031, 152.093200477643, 137.633873634545, 163.439831055973, 387.134487279433, 57.7413106235556, 49.8093050579058, 1108.44666093039, 3.51267799257025, 37.2141153411184, 8.29552945979587, 36.367190132142, 105.286401339224, 668.068717227458, 2309.35114433229, 236.772514718533, 98.3152940432071, 3094.65106434646, 671.112085913288, 479.689119569829, 364.027640873008, 733.181132055642, 7.93537096285473, 79.6558003247923, 33.4696344277188, 434.033890337032, 119.400199192184, 563.239223380404, 73.5476003260683, 1503.41842339556, 166.004874636401, 35.4760890618187, 88.2962105447527, 20.2674914453025, 111.817727348473, 3.29870660196721, 26.5058418178514, 39.1951154471326, 940.854217126902, 1.88718892820988, 2.73272644583633, 1.59067661686323, 1.20319487627799, 496.845581976123, 6.21242516338901, 42.4296029388595, 75.4872048796759, 101.522479967419, 47.4929286360913, 5.87569731289767, 457.286913169067, 136.498596229391, 87.9211788196987, 37.3937285153423, 10.1518878929276, 650.797142943745, 96.6353053838187, 1.71387810287511, 20.1816563429261, -1144.89903242414, 10.5270436251353, 23.7154951641084, 2.03314400431067, 5.05983132146051, 10.7046214799474, 322.339220544124, 5.99916851198734, 8.76487881639653, 67.7345732620239, 10.2904935195793, 2242.88895225478, 4933.43579406174, 6223.31052010711, 679.832143464268, 85.8209455522195, 76.0564701015863, 22.3776413100493, 4.29660135428521, 2.31673191838587, 4.31653543969799, -1500.69077684661, -1548.47823775017, -170.480084650226, 1563.09015005515, -185.299010859363, 0.275139055838939, 849.64324751986, -1040.24794404529, 1.66073830593129, 233.273228292008, -1602.42687373311, 39.6614650995027, 22.1058412686183, 30.7417033488118, 107.348026518556, 20.0342798865155, 576.593052909176, 326.329389701652, 147.396298420812, 58.5882253205095, 9.06911626418936, 2.24104856092695, 311.395511191524, 672.936931368898, -1009.2275795142, -327.949639935512, 89.2153854903536, 926.842739458459, 229.078614088014, -139.675597060389, -1812.61945557038, -2139.16339308626, -1463.67475291604, -985.927872942355, 6.4421918482712, 23.0725898660227, 68.6667342239922, 3.62265774171113, 46.5154303496648, 24.0127985022329, 38.0550492694817, 81.2057380717374, 90.8149843585644, 179.879253194022, 18.4094651233171, 50.8665427123863, 87.2244431685235, 86.943916709755, 83.5614588328217, 41.6598106604942, 3.83407173231972, 6.270088010012, 1243.16844952018, -2981.13140006773, -1659.04554848316, -870.971283279781, 359.392662849561, -225.329721194889, 5.74232042034895, 3.52502225236409, 2.30307556326821, 6.79909829548127, 13.449474490343, 9.51260891433937, 52.809232788203, 91.3660146040184, 65.6421976477482, 72.1343837787496, 376.46761843677, 217.04619600252, 602.530519412831, 1355.13228440437, 11469.4377430101, 68.9504678830328, 25.090399046982, 5.87205624280991, 1077.67495170505, 0.569294979917666, -206.230403413701, 14.1646486283874, 32.8724517328655, 183.261240359426, 574.994822514316, 139.905314126731, 235.218711444869, 189.839431984741, 244.911425118695, 80.9108485825985, 374.392656181781, 50.4103251375894, 152.33705093136, 62.7299513794308, 270.158061731207, 16.7735362975471, 5.72034445801582, 14.413774802216, 2763.21168399852, 5.04525679006286, 10.6750656706163, 1.83401782772814, 1.40777838509395, 12.8496689467299, 16.8773925759488, 5.51827298340905, 29.4379753523063, 209.918549741658, 41.1833927389508, 46.3444106984836, 148.50744209887, 82.5972215576824, 127.934146093757, 1926.00168083705, 281.574151693188, 104.096522087902, 49.0432758036191, 8.39789038523006, 11.7533556578596, 13.28769780832, 8.46509270393741, 213.820761199551, 536.284826269035, 50.1127352092359, 1202.8400392033, 488.311597367893, 1001.62768051088, 251.670013736357, 550.431787466004, 69.6929213594415, 316.286370406983, 84.2549611096788, 198.747179083443, 150.913905556361, 17.1569220449436, 14.0605856048548)
"tau.proc" <- 7.41507393103178e-07
".RNG.name" <- "base::Super-Duper"
}



######################################################################################################
######################################################################################################
#### Data 
######################################################################################################
######################################################################################################

data{
"y" <- c(11, 64, 16, 163, 93, 69, 257, 457, 2, 26, 47, 39, 323, 459, 1, 469, 261, 151, 134, 159, 404, 49, 38, 0, 2, 34, 10, 40, 103, 664, 2293, 220, 93, 3194, 677, 490, 347, 0, 8, 81, 35, 416, 135, 527, 75, 1553, 169, 37, 90, 15, 106, 2, 28, 32, 0, 2, 1, 5, 2, 0, 11, 30, 78, 114, 50, 10, 460, 139, 79, 37, 14, 645, 107, 4, 14, 0, 7, 21, 2, 3, 10, 272, 9, 8, 69, 15, 2226, 5062, 6269, 668, 70, 57, 21, 7, 2, 6, 0, 0, 0, 0, 0, 1, 0, 0, 1, 0, 0, 30, 22, 32, 119, 24, 580, 337, 149, 65, 8, 2, 0, 0, 0, 0, 0, 0, 0, 0, 0, 0, 0, 0, 7, 20, 72, 1, 43, 16, 40, 70, 96, 166, 22, 39, 96, 80, 91, 46, 3, 4, 0, 0, 0, 0, 0, 0, 3, 3, 3, 9, 10, 11, 51, 76, 61, 77, 411, 224, 595, 1335, 11541, 65, 33, 4, 0, 1, 0, 19, 32, 187, 527, 132, 243, 184, 241, 82, 346, 43, 162, 57, 278, 14, 2, 18, 0, 1, 18, 1, 2, 13, 11, 6, 27, 198, 26, 54, 113, 94, 134, 1994, 297, 109, 54, 9, 14, 9, 15, 227, 498, 43, 1253, 515, 1045, 229, 581, 82, 309, 78, 204, 148, 15, 19)
"x" <- c(14.9559394543925, 14.7315374378112, 14.4754626636451, 14.1940855801309, 13.8930777180555, 13.5772518320517, 13.1556732038779, 12.7226045994689, 12.3320836522664, 12.0867266802206, 15.3822018962772, 15.2992017844502, 15.1650014346689, 15.067362600702, 14.895446605855, 14.6252850900014, 14.357621402563, 14.0671849717396, 13.759288982892, 13.4383682083841, 12.9161493232309, 12.7226045994689, 12.430027154373, 15.4097413276709, 15.3896379345164, 15.3143014927342, 15.1871166927815, 15.0132971852678, 14.799175478933, 14.5514764557877, 14.2767148028388, 13.980785803899, 13.66875421226, 13.3448067499944, 13.0123206988739, 12.6740052081825, 12.3320836522664, 15.2653166914031, 15.3638642123646, 15.4080121156592, 15.3959427835061, 15.328339980008, 15.208278356222, 15.0407511762808, 14.8319770231494, 14.5886656057333, 14.3173915059326, 14.0241557845723, 13.714148064007, 13.4848667110852, 13.0602326292237, 12.7711248895771, 12.430027154373, 12.0867266802206, 14.6551396119865, 15.0913324147556, 15.2276862526186, 15.3959252641119, 15.4051350790643, 15.3531836510451, 15.2476728550643, 15.0931122056182, 14.895446605855, 14.6613162114097, 14.3973879030388, 14.1098593334147, 13.8041655043544, 13.4848667110852, 13.2505524698232, 12.9161493232309, 12.5765929222684, 12.2830584099361, 11.5962048331458, 13.3677181571186, 14.0532383536036, 14.5816221603571, 14.982287326133, 15.2276862526186, 15.3281008432015, 15.3821537879804, 15.4080131803487, 15.3639660882697, 15.2658729959484, 15.1179809777328, 14.9260750341463, 14.6967400404538, 14.4366740769474, 14.1521644629593, 13.848765809164, 13.5311645170158, 13.2031868868081, 12.8679035824678, 12.5277916453389, 12.1849279322728, 11.8411995655154, 11.4985253286722, 13.9656083011613, 14.2656638265227, 14.543978421401, 14.7945575903848, 15.0108252322057, 15.1860562151653, 15.3281008432015, 15.3896076256488, 15.4097414336756, 15.3736418836838, 15.2830542443122, 15.1419501876083, 14.9559394543925, 14.7315374378112, 14.4754626636451, 14.1940855801309, 13.8930777180555, 13.5772518320517, 13.2505524698232, 12.9161493232309, 12.5765929222684, 12.2340047095829, 11.890285582403, 11.5473358922256, 10.5327840113872, 10.5327840113872, 12.5895444823385, 13.3201278687792, 13.602672989308, 14.2239995565205, 14.5057696683099, 14.7607038133342, 14.982287326133, 15.163782186085, 15.2988253129042, 15.3821537879804, 15.4103178040152, 15.3822018962772, 15.2992017844502, 15.1650014346689, 14.9850200768778, 14.7656890786769, 14.513736084336, 14.235607533291, 13.937088687104, 13.6231185435985, 13.2977618714115, 12.9642906141458, 12.6253326952742, 12.2830584099361, 11.9393869229139, 11.5473358922256, 13.7864171866485, 14.1394086128484, 14.6186821982413, 14.9227749862954, 15.1164023612169, 15.2653166914031, 15.3638642123646, 15.4080121156592, 15.3959427835061, 15.3413046325051, 15.208278356222, 15.0407511762808, 14.8319770231494, 14.5886656057333, 14.3173915059326, 14.0241557845723, 13.714148064007, 13.3916784933592, 13.0602326292237, 12.7711248895771, 12.430027154373, 12.0867266802206, 11.7430966285038, 11.4011067846359, 15.0913324147556, 15.2470093007516, 15.353044290682, 15.4051313533966, 15.4011102291381, 15.3531836510451, 15.2476728550643, 15.067362600702, 14.895446605855, 14.6613162114097, 14.3973879030388, 14.1521644629593, 13.8041655043544, 13.4848667110852, 13.1080192533101, 12.8195599683343, 12.4789345280814, 12.0867266802206, 11.6940915569121, 11.3525130632185, 14.6186821982413, 14.8601455061218, 15.0653669864124, 15.2470093007516, 15.3411197499847, 15.4051313533966, 15.3531836510451, 15.2476728550643, 15.0931122056182, 14.6613162114097, 14.3973879030388, 14.1098593334147, 13.8041655043544, 13.5772518320517, 13.1556732038779, 12.8195599683343, 12.4789345280814, 12.1358334582229, 11.7430966285038, 11.2555941197092, 15.0385248942338, 15.2276862526186, 15.3959252641119, 15.4080131803487, 15.3639660882697, 15.2658729959484, 15.1179809777328, 14.9260750341463, 14.7315374378112, 14.4366740769474, 13.980785803899, 13.66875421226, 13.2505524698232, 12.9161493232309, 12.5765929222684, 12.2340047095829, 11.890285582403, 11.5473358922256)
"N" <- 230
"beta.bern.m" <- c(0, 0)
"beta.bern.v" <- structure(c(1000, 0, 0, 1000), .Dim = c(2, 2))
"beta.pois.m" <- c(0, 0)
"beta.pois.v" <- structure(c(1000, 0, 0, 1000), .Dim = c(2, 2))
"alpha" <- 100


}

######################################################################################################
######################################################################################################
